0.000;1.000;0.000;0.500;0.000;0.749;00.0;00.0;27.092;-67.519;0.095;0.097;0.101;0.110;0.124;0.148;0.189;0.275;0.516;0.848;0.983;0.521;0.286;0.222;0.189;0.170;0.158;0.152;0.151;0.155;0.164;0.180;0.207;0.251;0.336;0.546;1.000;1.000;0.467;0.259;0.183;0.145;0.123;0.110;0.101;0.097;0
0.005;1.000;0.000;0.500;0.000;0.749;00.0;00.0;27.092;-67.519;0.095;0.097;0.101;0.110;0.124;0.148;0.189;0.275;0.516;0.848;0.983;0.521;0.286;0.222;0.189;0.170;0.158;0.152;0.151;0.155;0.164;0.180;0.207;0.251;0.336;0.546;1.000;1.000;0.467;0.259;0.183;0.145;0.123;0.110;0.101;0.097;0
0.010;1.000;0.000;0.500;0.000;0.749;00.0;00.0;27.092;-67.519;0.095;0.097;0.101;0.110;0.124;0.148;0.189;0.275;0.516;0.848;0.983;0.521;0.286;0.222;0.189;0.170;0.158;0.152;0.151;0.155;0.164;0.180;0.207;0.251;0.336;0.546;1.000;1.000;0.467;0.259;0.183;0.145;0.123;0.110;0.101;0.097;0
0.015;1.000;0.000;0.500;0.000;0.749;00.0;00.0;27.370;-67.507;0.095;0.097;0.101;0.110;0.124;0.148;0.190;0.277;0.517;0.844;0.979;0.518;0.286;0.221;0.189;0.169;0.158;0.152;0.151;0.155;0.164;0.180;0.207;0.251;0.337;0.550;1.000;1.000;0.462;0.258;0.182;0.145;0.123;0.110;0.102;0.097;0
0.019;1.000;0.000;0.500;0.000;0.751;00.0;00.0;27.370;-67.507;0.095;0.097;0.101;0.110;0.124;0.148;0.190;0.277;0.517;0.844;0.979;0.518;0.286;0.221;0.189;0.169;0.158;0.152;0.151;0.155;0.164;0.180;0.207;0.251;0.337;0.550;1.000;1.000;0.462;0.258;0.182;0.145;0.123;0.110;0.102;0.097;0
0.025;1.000;0.000;0.500;0.000;0.751;00.0;00.0;27.370;-67.507;0.095;0.097;0.101;0.110;0.124;0.148;0.190;0.277;0.517;0.844;0.979;0.518;0.286;0.221;0.189;0.169;0.158;0.152;0.151;0.155;0.164;0.180;0.207;0.251;0.337;0.550;1.000;1.000;0.462;0.258;0.182;0.145;0.123;0.110;0.102;0.097;0
0.029;1.000;0.000;0.500;0.000;0.751;00.0;00.0;27.370;-67.507;0.095;0.097;0.101;0.110;0.124;0.148;0.190;0.277;0.517;0.844;0.979;0.518;0.286;0.221;0.189;0.169;0.158;0.152;0.151;0.155;0.164;0.180;0.207;0.251;0.337;0.550;1.000;1.000;0.462;0.258;0.182;0.145;0.123;0.110;0.102;0.097;0
0.034;1.000;0.000;0.500;0.000;0.751;00.0;00.0;27.650;-67.495;0.095;0.097;0.101;0.110;0.125;0.148;0.191;0.279;0.517;0.840;0.975;0.516;0.287;0.220;0.188;0.169;0.157;0.152;0.151;0.155;0.164;0.180;0.207;0.252;0.338;0.553;1.000;1.000;0.458;0.257;0.182;0.145;0.123;0.110;0.101;0.097;0
0.039;1.000;0.000;0.500;0.000;0.752;00.0;00.0;27.650;-67.495;0.095;0.097;0.101;0.110;0.125;0.148;0.191;0.279;0.517;0.840;0.975;0.516;0.287;0.220;0.188;0.169;0.157;0.152;0.151;0.155;0.164;0.180;0.207;0.252;0.338;0.553;1.000;1.000;0.458;0.257;0.182;0.145;0.123;0.110;0.101;0.097;0
0.044;1.000;0.000;0.500;0.000;0.752;00.0;00.0;27.650;-67.495;0.095;0.097;0.101;0.110;0.125;0.148;0.191;0.279;0.517;0.840;0.975;0.516;0.287;0.220;0.188;0.169;0.157;0.152;0.151;0.155;0.164;0.180;0.207;0.252;0.338;0.553;1.000;1.000;0.458;0.257;0.182;0.145;0.123;0.110;0.101;0.097;0
0.049;1.000;0.000;0.500;0.000;0.752;00.0;00.0;27.650;-67.495;0.095;0.097;0.101;0.110;0.125;0.148;0.191;0.279;0.517;0.840;0.975;0.516;0.287;0.220;0.188;0.169;0.157;0.152;0.151;0.155;0.164;0.180;0.207;0.252;0.338;0.553;1.000;1.000;0.458;0.257;0.182;0.145;0.123;0.110;0.101;0.097;0
0.054;1.000;0.000;0.500;0.000;0.752;00.0;00.0;27.932;-67.482;0.095;0.097;0.102;0.110;0.125;0.149;0.191;0.281;0.518;0.835;0.970;0.515;0.287;0.219;0.187;0.168;0.157;0.151;0.150;0.154;0.164;0.180;0.207;0.252;0.338;0.555;1.000;1.000;0.454;0.256;0.182;0.144;0.123;0.108;0.101;0.097;0
0.059;1.000;0.000;0.500;0.000;0.754;00.0;00.0;27.932;-67.482;0.095;0.097;0.102;0.110;0.125;0.149;0.191;0.281;0.518;0.835;0.970;0.515;0.287;0.219;0.187;0.168;0.157;0.151;0.150;0.154;0.164;0.180;0.207;0.252;0.338;0.555;1.000;1.000;0.454;0.256;0.182;0.144;0.123;0.108;0.101;0.097;0
0.063;1.000;0.000;0.500;0.000;0.754;00.0;00.0;27.932;-67.482;0.095;0.097;0.102;0.110;0.125;0.149;0.191;0.281;0.518;0.835;0.970;0.515;0.287;0.219;0.187;0.168;0.157;0.151;0.150;0.154;0.164;0.180;0.207;0.252;0.338;0.555;1.000;1.000;0.454;0.256;0.182;0.144;0.123;0.108;0.101;0.097;0
0.068;1.000;0.000;0.500;0.000;0.754;00.0;00.0;27.932;-67.482;0.095;0.097;0.102;0.110;0.125;0.149;0.191;0.281;0.518;0.835;0.970;0.515;0.287;0.219;0.187;0.168;0.157;0.151;0.150;0.154;0.164;0.180;0.207;0.252;0.338;0.555;1.000;1.000;0.454;0.256;0.182;0.144;0.123;0.108;0.101;0.097;0
0.073;1.000;0.000;0.500;0.000;0.754;00.0;00.0;28.217;-67.468;0.095;0.097;0.102;0.110;0.125;0.149;0.192;0.282;0.517;0.830;0.965;0.515;0.288;0.218;0.186;0.167;0.156;0.151;0.150;0.154;0.163;0.180;0.207;0.252;0.338;0.557;1.000;1.000;0.452;0.255;0.182;0.145;0.123;0.110;0.101;0.097;0
0.078;1.000;0.000;0.500;0.000;0.756;00.0;00.0;28.217;-67.468;0.095;0.097;0.102;0.110;0.125;0.149;0.192;0.282;0.517;0.830;0.965;0.515;0.288;0.218;0.186;0.167;0.156;0.151;0.150;0.154;0.163;0.180;0.207;0.252;0.338;0.557;1.000;1.000;0.452;0.255;0.182;0.145;0.123;0.110;0.101;0.097;0
0.083;1.000;0.000;0.500;0.000;0.756;00.0;00.0;28.217;-67.468;0.095;0.097;0.102;0.110;0.125;0.149;0.192;0.282;0.517;0.830;0.965;0.515;0.288;0.218;0.186;0.167;0.156;0.151;0.150;0.154;0.163;0.180;0.207;0.252;0.338;0.557;1.000;1.000;0.452;0.255;0.182;0.145;0.123;0.110;0.101;0.097;0
0.088;1.000;0.000;0.500;0.000;0.756;00.0;00.0;28.217;-67.468;0.095;0.097;0.102;0.110;0.125;0.149;0.192;0.282;0.517;0.830;0.965;0.515;0.288;0.218;0.186;0.167;0.156;0.151;0.150;0.154;0.163;0.180;0.207;0.252;0.338;0.557;1.000;1.000;0.452;0.255;0.182;0.145;0.123;0.110;0.101;0.097;0
0.093;1.000;0.000;0.500;0.000;0.756;00.0;00.0;28.503;-67.454;0.095;0.097;0.102;0.110;0.125;0.149;0.193;0.283;0.517;0.825;0.960;0.515;0.289;0.217;0.186;0.167;0.156;0.150;0.150;0.154;0.163;0.180;0.206;0.252;0.338;0.559;1.000;1.000;0.449;0.255;0.182;0.145;0.123;0.110;0.101;0.097;0
0.098;1.000;0.000;0.500;0.000;0.758;00.0;00.0;28.503;-67.454;0.095;0.097;0.102;0.110;0.125;0.149;0.193;0.283;0.517;0.825;0.960;0.515;0.289;0.217;0.186;0.167;0.156;0.150;0.150;0.154;0.163;0.180;0.206;0.252;0.338;0.559;1.000;1.000;0.449;0.255;0.182;0.145;0.123;0.110;0.101;0.097;0
0.102;1.000;0.000;0.500;0.000;0.758;00.0;00.0;28.503;-67.454;0.095;0.097;0.102;0.110;0.125;0.149;0.193;0.283;0.517;0.825;0.960;0.515;0.289;0.217;0.186;0.167;0.156;0.150;0.150;0.154;0.163;0.180;0.206;0.252;0.338;0.559;1.000;1.000;0.449;0.255;0.182;0.145;0.123;0.110;0.101;0.097;0
0.108;1.000;0.000;0.500;0.000;0.758;00.0;00.0;28.503;-67.454;0.095;0.097;0.102;0.110;0.125;0.149;0.193;0.283;0.517;0.825;0.960;0.515;0.289;0.217;0.186;0.167;0.156;0.150;0.150;0.154;0.163;0.180;0.206;0.252;0.338;0.559;1.000;1.000;0.449;0.255;0.182;0.145;0.123;0.110;0.101;0.097;0
0.112;1.000;0.000;0.500;0.000;0.758;00.0;00.0;28.792;-67.440;0.095;0.097;0.102;0.111;0.125;0.150;0.193;0.284;0.516;0.820;0.954;0.516;0.290;0.216;0.185;0.166;0.155;0.150;0.149;0.154;0.163;0.179;0.206;0.252;0.338;0.559;1.000;1.000;0.448;0.255;0.182;0.145;0.123;0.110;0.101;0.097;0
0.117;1.000;0.000;0.500;0.000;0.760;00.0;00.0;28.792;-67.440;0.095;0.097;0.102;0.111;0.125;0.150;0.193;0.284;0.516;0.820;0.954;0.516;0.290;0.216;0.185;0.166;0.155;0.150;0.149;0.154;0.163;0.179;0.206;0.252;0.338;0.559;1.000;1.000;0.448;0.255;0.182;0.145;0.123;0.110;0.101;0.097;0
0.122;1.000;0.000;0.500;0.000;0.760;00.0;00.0;28.792;-67.440;0.095;0.097;0.102;0.111;0.125;0.150;0.193;0.284;0.516;0.820;0.954;0.516;0.290;0.216;0.185;0.166;0.155;0.150;0.149;0.154;0.163;0.179;0.206;0.252;0.338;0.559;1.000;1.000;0.448;0.255;0.182;0.145;0.123;0.110;0.101;0.097;0
0.127;1.000;0.000;0.500;0.000;0.760;00.0;00.0;28.792;-67.440;0.095;0.097;0.102;0.111;0.125;0.150;0.193;0.284;0.516;0.820;0.954;0.516;0.290;0.216;0.185;0.166;0.155;0.150;0.149;0.154;0.163;0.179;0.206;0.252;0.338;0.559;1.000;1.000;0.448;0.255;0.182;0.145;0.123;0.110;0.101;0.097;0
0.131;1.000;0.000;0.500;0.000;0.760;00.0;00.0;29.082;-67.425;0.095;0.097;0.102;0.111;0.125;0.150;0.194;0.285;0.515;0.815;0.948;0.517;0.292;0.215;0.185;0.166;0.155;0.150;0.149;0.153;0.163;0.179;0.206;0.252;0.337;0.560;1.000;1.000;0.447;0.255;0.182;0.145;0.121;0.110;0.101;0.097;0
0.136;1.000;0.000;0.500;0.000;0.762;00.0;00.0;29.082;-67.425;0.095;0.097;0.102;0.111;0.125;0.150;0.194;0.285;0.515;0.815;0.948;0.517;0.292;0.215;0.185;0.166;0.155;0.150;0.149;0.153;0.163;0.179;0.206;0.252;0.337;0.560;1.000;1.000;0.447;0.255;0.182;0.145;0.121;0.110;0.101;0.097;0
0.141;1.000;0.000;0.500;0.000;0.762;00.0;00.0;29.082;-67.425;0.095;0.097;0.102;0.111;0.125;0.150;0.194;0.285;0.515;0.815;0.948;0.517;0.292;0.215;0.185;0.166;0.155;0.150;0.149;0.153;0.163;0.179;0.206;0.252;0.337;0.560;1.000;1.000;0.447;0.255;0.182;0.145;0.121;0.110;0.101;0.097;0
0.147;1.000;0.000;0.500;0.000;0.762;00.0;00.0;29.082;-67.425;0.095;0.097;0.102;0.111;0.125;0.150;0.194;0.285;0.515;0.815;0.948;0.517;0.292;0.215;0.185;0.166;0.155;0.150;0.149;0.153;0.163;0.179;0.206;0.252;0.337;0.560;1.000;1.000;0.447;0.255;0.182;0.145;0.121;0.110;0.101;0.097;0
0.151;1.000;0.000;0.500;0.000;0.762;00.0;00.0;29.375;-67.409;0.095;0.097;0.102;0.111;0.125;0.150;0.194;0.286;0.514;0.809;0.942;0.518;0.293;0.214;0.184;0.165;0.155;0.149;0.149;0.153;0.162;0.179;0.206;0.251;0.332;0.560;1.000;1.000;0.446;0.255;0.182;0.145;0.124;0.110;0.101;0.097;0
0.157;1.000;0.000;0.500;0.000;0.764;00.0;00.0;29.375;-67.409;0.095;0.097;0.102;0.111;0.125;0.150;0.194;0.286;0.514;0.809;0.942;0.518;0.293;0.214;0.184;0.165;0.155;0.149;0.149;0.153;0.162;0.179;0.206;0.251;0.332;0.560;1.000;1.000;0.446;0.255;0.182;0.145;0.124;0.110;0.101;0.097;0
0.161;1.000;0.000;0.500;0.000;0.764;00.0;00.0;29.375;-67.409;0.095;0.097;0.102;0.111;0.125;0.150;0.194;0.286;0.514;0.809;0.942;0.518;0.293;0.214;0.184;0.165;0.155;0.149;0.149;0.153;0.162;0.179;0.206;0.251;0.332;0.560;1.000;1.000;0.446;0.255;0.182;0.145;0.124;0.110;0.101;0.097;0
0.166;1.000;0.000;0.500;0.000;0.764;00.0;00.0;29.375;-67.409;0.095;0.097;0.102;0.111;0.125;0.150;0.194;0.286;0.514;0.809;0.942;0.518;0.293;0.214;0.184;0.165;0.155;0.149;0.149;0.153;0.162;0.179;0.206;0.251;0.332;0.560;1.000;1.000;0.446;0.255;0.182;0.145;0.124;0.110;0.101;0.097;0
0.171;1.000;0.000;0.500;0.000;0.764;00.0;00.0;29.670;-67.393;0.095;0.097;0.102;0.111;0.126;0.150;0.194;0.287;0.512;0.803;0.936;0.520;0.295;0.214;0.183;0.165;0.154;0.149;0.148;0.153;0.162;0.178;0.205;0.251;0.336;0.560;1.000;1.000;0.445;0.255;0.182;0.145;0.123;0.110;0.101;0.097;0
0.176;1.000;0.000;0.500;0.000;0.766;00.0;00.0;29.670;-67.393;0.095;0.097;0.102;0.111;0.126;0.150;0.194;0.287;0.512;0.803;0.936;0.520;0.295;0.214;0.183;0.165;0.154;0.149;0.148;0.153;0.162;0.178;0.205;0.251;0.336;0.560;1.000;1.000;0.445;0.255;0.182;0.145;0.123;0.110;0.101;0.097;0
0.180;1.000;0.000;0.500;0.000;0.766;00.0;00.0;29.670;-67.393;0.095;0.097;0.102;0.111;0.126;0.150;0.194;0.287;0.512;0.803;0.936;0.520;0.295;0.214;0.183;0.165;0.154;0.149;0.148;0.153;0.162;0.178;0.205;0.251;0.336;0.560;1.000;1.000;0.445;0.255;0.182;0.145;0.123;0.110;0.101;0.097;0
0.185;1.000;0.000;0.500;0.000;0.766;00.0;00.0;29.670;-67.393;0.095;0.097;0.102;0.111;0.126;0.150;0.194;0.287;0.512;0.803;0.936;0.520;0.295;0.214;0.183;0.165;0.154;0.149;0.148;0.153;0.162;0.178;0.205;0.251;0.336;0.560;1.000;1.000;0.445;0.255;0.182;0.145;0.123;0.110;0.101;0.097;0
0.190;1.000;0.000;0.500;0.000;0.766;00.0;00.0;29.966;-67.377;0.095;0.097;0.102;0.111;0.126;0.150;0.195;0.288;0.510;0.798;0.929;0.522;0.296;0.213;0.183;0.164;0.154;0.149;0.148;0.152;0.162;0.178;0.205;0.251;0.336;0.559;1.000;1.000;0.445;0.255;0.183;0.146;0.123;0.109;0.101;0.097;0
0.195;1.000;0.000;0.500;0.000;0.767;00.0;00.0;29.966;-67.377;0.095;0.097;0.102;0.111;0.126;0.150;0.195;0.288;0.510;0.798;0.929;0.522;0.296;0.213;0.183;0.164;0.154;0.149;0.148;0.152;0.162;0.178;0.205;0.251;0.336;0.559;1.000;1.000;0.445;0.255;0.183;0.146;0.123;0.109;0.101;0.097;0
0.200;1.000;0.000;0.500;0.000;0.767;00.0;00.0;29.966;-67.377;0.095;0.097;0.102;0.111;0.126;0.150;0.195;0.288;0.510;0.798;0.929;0.522;0.296;0.213;0.183;0.164;0.154;0.149;0.148;0.152;0.162;0.178;0.205;0.251;0.336;0.559;1.000;1.000;0.445;0.255;0.183;0.146;0.123;0.109;0.101;0.097;0
0.205;1.000;0.000;0.500;0.000;0.767;00.0;00.0;29.966;-67.377;0.095;0.097;0.102;0.111;0.126;0.150;0.195;0.288;0.510;0.798;0.929;0.522;0.296;0.213;0.183;0.164;0.154;0.149;0.148;0.152;0.162;0.178;0.205;0.251;0.336;0.559;1.000;1.000;0.445;0.255;0.183;0.146;0.123;0.109;0.101;0.097;0
0.210;1.000;0.000;0.500;0.000;0.767;00.0;00.0;29.966;-67.377;0.095;0.097;0.102;0.111;0.126;0.150;0.195;0.288;0.510;0.798;0.929;0.522;0.296;0.213;0.183;0.164;0.154;0.149;0.148;0.152;0.162;0.178;0.205;0.251;0.336;0.559;1.000;1.000;0.445;0.255;0.183;0.146;0.123;0.109;0.101;0.097;0
0.214;1.000;0.000;0.500;0.000;0.767;00.0;00.0;30.265;-67.360;0.095;0.097;0.102;0.111;0.126;0.151;0.195;0.289;0.508;0.792;0.923;0.524;0.298;0.210;0.182;0.164;0.153;0.148;0.148;0.152;0.161;0.178;0.205;0.250;0.335;0.558;1.000;1.000;0.445;0.255;0.183;0.146;0.123;0.110;0.101;0.097;0
0.220;1.000;0.000;0.500;0.000;0.769;00.0;00.0;30.265;-67.360;0.095;0.097;0.102;0.111;0.126;0.151;0.195;0.289;0.508;0.792;0.923;0.524;0.298;0.210;0.182;0.164;0.153;0.148;0.148;0.152;0.161;0.178;0.205;0.250;0.335;0.558;1.000;1.000;0.445;0.255;0.183;0.146;0.123;0.110;0.101;0.097;0
0.225;1.000;0.000;0.500;0.000;0.769;00.0;00.0;30.265;-67.360;0.095;0.097;0.102;0.111;0.126;0.151;0.195;0.289;0.508;0.792;0.923;0.524;0.298;0.210;0.182;0.164;0.153;0.148;0.148;0.152;0.161;0.178;0.205;0.250;0.335;0.558;1.000;1.000;0.445;0.255;0.183;0.146;0.123;0.110;0.101;0.097;0
0.229;1.000;0.000;0.500;0.000;0.769;00.0;00.0;30.265;-67.360;0.095;0.097;0.102;0.111;0.126;0.151;0.195;0.289;0.508;0.792;0.923;0.524;0.298;0.210;0.182;0.164;0.153;0.148;0.148;0.152;0.161;0.178;0.205;0.250;0.335;0.558;1.000;1.000;0.445;0.255;0.183;0.146;0.123;0.110;0.101;0.097;0
0.235;1.000;0.000;0.500;0.000;0.769;00.0;00.0;30.566;-67.343;0.096;0.097;0.102;0.111;0.126;0.151;0.195;0.289;0.506;0.786;0.916;0.526;0.300;0.214;0.182;0.163;0.153;0.148;0.147;0.151;0.161;0.177;0.204;0.250;0.335;0.557;1.000;1.000;0.445;0.256;0.183;0.144;0.123;0.110;0.101;0.097;0
0.239;1.000;0.000;0.500;0.000;0.771;00.0;00.0;30.566;-67.343;0.096;0.097;0.102;0.111;0.126;0.151;0.195;0.289;0.506;0.786;0.916;0.526;0.300;0.214;0.182;0.163;0.153;0.148;0.147;0.151;0.161;0.177;0.204;0.250;0.335;0.557;1.000;1.000;0.445;0.256;0.183;0.144;0.123;0.110;0.101;0.097;0
0.244;1.000;0.000;0.500;0.000;0.771;00.0;00.0;30.566;-67.343;0.096;0.097;0.102;0.111;0.126;0.151;0.195;0.289;0.506;0.786;0.916;0.526;0.300;0.214;0.182;0.163;0.153;0.148;0.147;0.151;0.161;0.177;0.204;0.250;0.335;0.557;1.000;1.000;0.445;0.256;0.183;0.144;0.123;0.110;0.101;0.097;0
0.248;1.000;0.000;0.500;0.000;0.771;00.0;00.0;30.566;-67.343;0.096;0.097;0.102;0.111;0.126;0.151;0.195;0.289;0.506;0.786;0.916;0.526;0.300;0.214;0.182;0.163;0.153;0.148;0.147;0.151;0.161;0.177;0.204;0.250;0.335;0.557;1.000;1.000;0.445;0.256;0.183;0.144;0.123;0.110;0.101;0.097;0
0.254;1.000;0.000;0.500;0.000;0.771;00.0;00.0;30.869;-67.325;0.096;0.097;0.102;0.111;0.126;0.151;0.196;0.290;0.504;0.780;0.909;0.521;0.301;0.215;0.181;0.163;0.152;0.147;0.147;0.151;0.160;0.177;0.204;0.249;0.334;0.556;1.000;1.000;0.445;0.256;0.184;0.146;0.123;0.110;0.101;0.097;0
0.258;1.000;0.000;0.500;0.000;0.773;00.0;00.0;30.869;-67.325;0.096;0.097;0.102;0.111;0.126;0.151;0.196;0.290;0.504;0.780;0.909;0.521;0.301;0.215;0.181;0.163;0.152;0.147;0.147;0.151;0.160;0.177;0.204;0.249;0.334;0.556;1.000;1.000;0.445;0.256;0.184;0.146;0.123;0.110;0.101;0.097;0
0.263;1.000;0.000;0.500;0.000;0.773;00.0;00.0;30.869;-67.325;0.096;0.097;0.102;0.111;0.126;0.151;0.196;0.290;0.504;0.780;0.909;0.521;0.301;0.215;0.181;0.163;0.152;0.147;0.147;0.151;0.160;0.177;0.204;0.249;0.334;0.556;1.000;1.000;0.445;0.256;0.184;0.146;0.123;0.110;0.101;0.097;0
0.268;1.000;0.000;0.500;0.000;0.773;00.0;00.0;30.869;-67.325;0.096;0.097;0.102;0.111;0.126;0.151;0.196;0.290;0.504;0.780;0.909;0.521;0.301;0.215;0.181;0.163;0.152;0.147;0.147;0.151;0.160;0.177;0.204;0.249;0.334;0.556;1.000;1.000;0.445;0.256;0.184;0.146;0.123;0.110;0.101;0.097;0
0.273;1.000;0.000;0.500;0.000;0.773;00.0;00.0;31.174;-67.307;0.096;0.097;0.102;0.111;0.126;0.151;0.196;0.290;0.502;0.774;0.902;1.000;0.303;0.217;0.180;0.162;0.152;0.147;0.146;0.151;0.160;0.176;0.203;0.249;0.334;0.554;1.000;1.000;0.446;0.257;0.184;0.146;0.123;0.110;0.101;0.097;0
0.278;1.000;0.000;0.500;0.000;0.775;00.0;00.0;31.174;-67.307;0.096;0.097;0.102;0.111;0.126;0.151;0.196;0.290;0.502;0.774;0.902;1.000;0.303;0.217;0.180;0.162;0.152;0.147;0.146;0.151;0.160;0.176;0.203;0.249;0.334;0.554;1.000;1.000;0.446;0.257;0.184;0.146;0.123;0.110;0.101;0.097;0
0.283;1.000;0.000;0.500;0.000;0.775;00.0;00.0;31.174;-67.307;0.096;0.097;0.102;0.111;0.126;0.151;0.196;0.290;0.502;0.774;0.902;1.000;0.303;0.217;0.180;0.162;0.152;0.147;0.146;0.151;0.160;0.176;0.203;0.249;0.334;0.554;1.000;1.000;0.446;0.257;0.184;0.146;0.123;0.110;0.101;0.097;0
0.288;1.000;0.000;0.500;0.000;0.775;00.0;00.0;31.174;-67.307;0.096;0.097;0.102;0.111;0.126;0.151;0.196;0.290;0.502;0.774;0.902;1.000;0.303;0.217;0.180;0.162;0.152;0.147;0.146;0.151;0.160;0.176;0.203;0.249;0.334;0.554;1.000;1.000;0.446;0.257;0.184;0.146;0.123;0.110;0.101;0.097;0
0.293;1.000;0.000;0.500;0.000;0.775;00.0;00.0;31.481;-67.289;0.096;0.097;0.102;0.111;0.126;0.151;0.196;0.291;0.499;0.768;0.895;1.000;0.305;0.218;0.180;0.162;0.151;0.146;0.146;0.150;0.159;0.176;0.203;0.248;0.333;0.552;1.000;1.000;0.446;0.257;0.185;0.146;0.123;0.110;0.101;0.097;0
0.297;1.000;0.000;0.500;0.000;0.777;00.0;00.0;31.481;-67.289;0.096;0.097;0.102;0.111;0.126;0.151;0.196;0.291;0.499;0.768;0.895;1.000;0.305;0.218;0.180;0.162;0.151;0.146;0.146;0.150;0.159;0.176;0.203;0.248;0.333;0.552;1.000;1.000;0.446;0.257;0.185;0.146;0.123;0.110;0.101;0.097;0
0.303;1.000;0.000;0.500;0.000;0.777;00.0;00.0;31.481;-67.289;0.096;0.097;0.102;0.111;0.126;0.151;0.196;0.291;0.499;0.768;0.895;1.000;0.305;0.218;0.180;0.162;0.151;0.146;0.146;0.150;0.159;0.176;0.203;0.248;0.333;0.552;1.000;1.000;0.446;0.257;0.185;0.146;0.123;0.110;0.101;0.097;0
0.307;1.000;0.000;0.500;0.000;0.777;00.0;00.0;31.481;-67.289;0.096;0.097;0.102;0.111;0.126;0.151;0.196;0.291;0.499;0.768;0.895;1.000;0.305;0.218;0.180;0.162;0.151;0.146;0.146;0.150;0.159;0.176;0.203;0.248;0.333;0.552;1.000;1.000;0.446;0.257;0.185;0.146;0.123;0.110;0.101;0.097;0
0.312;1.000;0.000;0.500;0.000;0.777;00.0;00.0;31.790;-67.271;0.096;0.098;0.102;0.112;0.127;0.152;0.196;0.291;0.497;0.761;0.888;1.000;0.307;0.220;0.179;0.161;0.151;0.146;0.146;0.150;0.159;0.175;0.202;0.248;0.332;0.551;1.000;1.000;0.447;0.258;0.185;0.147;0.124;0.110;0.101;0.097;0
0.317;1.000;0.000;0.500;0.000;0.779;00.0;00.0;31.790;-67.271;0.096;0.098;0.102;0.112;0.127;0.152;0.196;0.291;0.497;0.761;0.888;1.000;0.307;0.220;0.179;0.161;0.151;0.146;0.146;0.150;0.159;0.175;0.202;0.248;0.332;0.551;1.000;1.000;0.447;0.258;0.185;0.147;0.124;0.110;0.101;0.097;0
0.322;1.000;0.000;0.500;0.000;0.779;00.0;00.0;31.790;-67.271;0.096;0.098;0.102;0.112;0.127;0.152;0.196;0.291;0.497;0.761;0.888;1.000;0.307;0.220;0.179;0.161;0.151;0.146;0.146;0.150;0.159;0.175;0.202;0.248;0.332;0.551;1.000;1.000;0.447;0.258;0.185;0.147;0.124;0.110;0.101;0.097;0
0.327;1.000;0.000;0.500;0.000;0.779;00.0;00.0;31.790;-67.271;0.096;0.098;0.102;0.112;0.127;0.152;0.196;0.291;0.497;0.761;0.888;1.000;0.307;0.220;0.179;0.161;0.151;0.146;0.146;0.150;0.159;0.175;0.202;0.248;0.332;0.551;1.000;1.000;0.447;0.258;0.185;0.147;0.124;0.110;0.101;0.097;0
0.332;1.000;0.000;0.500;0.000;0.779;00.0;00.0;32.101;-67.252;0.096;0.098;0.103;0.112;0.127;0.152;0.197;0.292;0.494;0.755;0.881;1.000;0.309;0.221;0.179;0.161;0.151;0.146;0.145;0.149;0.159;0.175;0.202;0.247;0.331;0.549;1.000;1.000;0.448;0.258;0.186;0.147;0.124;0.110;0.101;0.097;0
0.337;1.000;0.000;0.500;0.000;0.780;00.0;00.0;32.101;-67.252;0.096;0.098;0.103;0.112;0.127;0.152;0.197;0.292;0.494;0.755;0.881;1.000;0.309;0.221;0.179;0.161;0.151;0.146;0.145;0.149;0.159;0.175;0.202;0.247;0.331;0.549;1.000;1.000;0.448;0.258;0.186;0.147;0.124;0.110;0.101;0.097;0
0.341;1.000;0.000;0.500;0.000;0.780;00.0;00.0;32.101;-67.252;0.096;0.098;0.103;0.112;0.127;0.152;0.197;0.292;0.494;0.755;0.881;1.000;0.309;0.221;0.179;0.161;0.151;0.146;0.145;0.149;0.159;0.175;0.202;0.247;0.331;0.549;1.000;1.000;0.448;0.258;0.186;0.147;0.124;0.110;0.101;0.097;0
0.346;1.000;0.000;0.500;0.000;0.780;00.0;00.0;32.101;-67.252;0.096;0.098;0.103;0.112;0.127;0.152;0.197;0.292;0.494;0.755;0.881;1.000;0.309;0.221;0.179;0.161;0.151;0.146;0.145;0.149;0.159;0.175;0.202;0.247;0.331;0.549;1.000;1.000;0.448;0.258;0.186;0.147;0.124;0.110;0.101;0.097;0
0.352;1.000;0.000;0.500;0.000;0.780;00.0;00.0;32.414;-67.232;0.096;0.098;0.103;0.112;0.127;0.152;0.197;0.292;0.491;0.749;0.873;1.000;0.311;0.222;0.178;0.160;0.150;0.145;0.145;0.149;0.158;0.174;0.201;0.246;0.331;0.547;1.000;1.000;0.449;0.259;0.186;0.147;0.124;0.110;0.102;0.097;0
0.356;1.000;0.000;0.500;0.000;0.782;00.0;00.0;32.414;-67.232;0.096;0.098;0.103;0.112;0.127;0.152;0.197;0.292;0.491;0.749;0.873;1.000;0.311;0.222;0.178;0.160;0.150;0.145;0.145;0.149;0.158;0.174;0.201;0.246;0.331;0.547;1.000;1.000;0.449;0.259;0.186;0.147;0.124;0.110;0.102;0.097;0
0.361;1.000;0.000;0.500;0.000;0.782;00.0;00.0;32.414;-67.232;0.096;0.098;0.103;0.112;0.127;0.152;0.197;0.292;0.491;0.749;0.873;1.000;0.311;0.222;0.178;0.160;0.150;0.145;0.145;0.149;0.158;0.174;0.201;0.246;0.331;0.547;1.000;1.000;0.449;0.259;0.186;0.147;0.124;0.110;0.102;0.097;0
0.366;1.000;0.000;0.500;0.000;0.782;00.0;00.0;32.414;-67.232;0.096;0.098;0.103;0.112;0.127;0.152;0.197;0.292;0.491;0.749;0.873;1.000;0.311;0.222;0.178;0.160;0.150;0.145;0.145;0.149;0.158;0.174;0.201;0.246;0.331;0.547;1.000;1.000;0.449;0.259;0.186;0.147;0.124;0.110;0.102;0.097;0
0.371;1.000;0.000;0.500;0.000;0.782;00.0;00.0;32.729;-67.213;0.096;0.098;0.103;0.112;0.127;0.152;0.197;0.293;0.489;0.742;0.866;1.000;0.313;0.224;0.179;0.160;0.150;0.145;0.144;0.148;0.158;0.174;0.200;0.246;0.330;0.544;1.000;1.000;0.450;0.260;0.187;0.147;0.124;0.110;0.102;0.097;0
0.376;1.000;0.000;0.500;0.000;0.784;00.0;00.0;32.729;-67.213;0.096;0.098;0.103;0.112;0.127;0.152;0.197;0.293;0.489;0.742;0.866;1.000;0.313;0.224;0.179;0.160;0.150;0.145;0.144;0.148;0.158;0.174;0.200;0.246;0.330;0.544;1.000;1.000;0.450;0.260;0.187;0.147;0.124;0.110;0.102;0.097;0
0.381;1.000;0.000;0.500;0.000;0.784;00.0;00.0;32.729;-67.213;0.096;0.098;0.103;0.112;0.127;0.152;0.197;0.293;0.489;0.742;0.866;1.000;0.313;0.224;0.179;0.160;0.150;0.145;0.144;0.148;0.158;0.174;0.200;0.246;0.330;0.544;1.000;1.000;0.450;0.260;0.187;0.147;0.124;0.110;0.102;0.097;0
0.386;1.000;0.000;0.500;0.000;0.784;00.0;00.0;32.729;-67.213;0.096;0.098;0.103;0.112;0.127;0.152;0.197;0.293;0.489;0.742;0.866;1.000;0.313;0.224;0.179;0.160;0.150;0.145;0.144;0.148;0.158;0.174;0.200;0.246;0.330;0.544;1.000;1.000;0.450;0.260;0.187;0.147;0.124;0.110;0.102;0.097;0
0.391;1.000;0.000;0.500;0.000;0.784;00.0;00.0;33.047;-67.193;0.096;0.098;0.103;0.112;0.127;0.152;0.197;0.293;0.486;0.736;0.858;1.000;0.315;0.225;0.180;0.159;0.149;0.144;0.144;0.148;0.157;0.173;0.200;0.245;0.329;0.542;1.000;1.000;0.451;0.261;0.185;0.147;0.124;0.110;0.102;0.097;0
0.396;1.000;0.000;0.500;0.000;0.786;00.0;00.0;33.047;-67.193;0.096;0.098;0.103;0.112;0.127;0.152;0.197;0.293;0.486;0.736;0.858;1.000;0.315;0.225;0.180;0.159;0.149;0.144;0.144;0.148;0.157;0.173;0.200;0.245;0.329;0.542;1.000;1.000;0.451;0.261;0.185;0.147;0.124;0.110;0.102;0.097;0
0.400;1.000;0.000;0.500;0.000;0.786;00.0;00.0;33.047;-67.193;0.096;0.098;0.103;0.112;0.127;0.152;0.197;0.293;0.486;0.736;0.858;1.000;0.315;0.225;0.180;0.159;0.149;0.144;0.144;0.148;0.157;0.173;0.200;0.245;0.329;0.542;1.000;1.000;0.451;0.261;0.185;0.147;0.124;0.110;0.102;0.097;0
0.405;1.000;0.000;0.500;0.000;0.786;00.0;00.0;33.047;-67.193;0.096;0.098;0.103;0.112;0.127;0.152;0.197;0.293;0.486;0.736;0.858;1.000;0.315;0.225;0.180;0.159;0.149;0.144;0.144;0.148;0.157;0.173;0.200;0.245;0.329;0.542;1.000;1.000;0.451;0.261;0.185;0.147;0.124;0.110;0.102;0.097;0
0.410;1.000;0.000;0.500;0.000;0.786;00.0;00.0;33.366;-67.173;0.096;0.098;0.103;0.112;0.127;0.152;0.198;0.294;0.483;0.729;0.851;0.996;0.317;0.227;0.181;0.159;0.149;0.144;0.143;0.147;0.157;0.173;0.199;0.244;0.328;0.540;1.000;1.000;0.452;0.261;0.187;0.147;0.124;0.110;0.102;0.097;0
0.415;1.000;0.000;0.500;0.000;0.788;00.0;00.0;33.366;-67.173;0.096;0.098;0.103;0.112;0.127;0.152;0.198;0.294;0.483;0.729;0.851;0.996;0.317;0.227;0.181;0.159;0.149;0.144;0.143;0.147;0.157;0.173;0.199;0.244;0.328;0.540;1.000;1.000;0.452;0.261;0.187;0.147;0.124;0.110;0.102;0.097;0
0.420;1.000;0.000;0.500;0.000;0.788;00.0;00.0;33.366;-67.173;0.096;0.098;0.103;0.112;0.127;0.152;0.198;0.294;0.483;0.729;0.851;0.996;0.317;0.227;0.181;0.159;0.149;0.144;0.143;0.147;0.157;0.173;0.199;0.244;0.328;0.540;1.000;1.000;0.452;0.261;0.187;0.147;0.124;0.110;0.102;0.097;0
0.425;1.000;0.000;0.500;0.000;0.788;00.0;00.0;33.366;-67.173;0.096;0.098;0.103;0.112;0.127;0.152;0.198;0.294;0.483;0.729;0.851;0.996;0.317;0.227;0.181;0.159;0.149;0.144;0.143;0.147;0.157;0.173;0.199;0.244;0.328;0.540;1.000;1.000;0.452;0.261;0.187;0.147;0.124;0.110;0.102;0.097;0
0.430;1.000;0.000;0.500;0.000;0.788;00.0;00.0;33.366;-67.173;0.096;0.098;0.103;0.112;0.127;0.152;0.198;0.294;0.483;0.729;0.851;0.996;0.317;0.227;0.181;0.159;0.149;0.144;0.143;0.147;0.157;0.173;0.199;0.244;0.328;0.540;1.000;1.000;0.452;0.261;0.187;0.147;0.124;0.110;0.102;0.097;0
0.434;1.000;0.000;0.500;0.000;0.788;00.0;00.0;33.687;-67.153;0.096;0.098;0.103;0.112;0.127;0.153;0.198;0.294;0.480;0.722;0.843;0.989;0.319;0.228;0.182;0.158;0.148;0.143;0.143;0.147;0.156;0.172;0.199;0.243;0.327;0.537;1.000;1.000;0.453;0.262;0.187;0.147;0.124;0.110;0.102;0.097;0
0.439;1.000;0.000;0.500;0.000;0.790;00.0;00.0;33.687;-67.153;0.096;0.098;0.103;0.112;0.127;0.153;0.198;0.294;0.480;0.722;0.843;0.989;0.319;0.228;0.182;0.158;0.148;0.143;0.143;0.147;0.156;0.172;0.199;0.243;0.327;0.537;1.000;1.000;0.453;0.262;0.187;0.147;0.124;0.110;0.102;0.097;0
0.444;1.000;0.000;0.500;0.000;0.790;00.0;00.0;33.687;-67.153;0.096;0.098;0.103;0.112;0.127;0.153;0.198;0.294;0.480;0.722;0.843;0.989;0.319;0.228;0.182;0.158;0.148;0.143;0.143;0.147;0.156;0.172;0.199;0.243;0.327;0.537;1.000;1.000;0.453;0.262;0.187;0.147;0.124;0.110;0.102;0.097;0
0.449;1.000;0.000;0.500;0.000;0.790;00.0;00.0;33.687;-67.153;0.096;0.098;0.103;0.112;0.127;0.153;0.198;0.294;0.480;0.722;0.843;0.989;0.319;0.228;0.182;0.158;0.148;0.143;0.143;0.147;0.156;0.172;0.199;0.243;0.327;0.537;1.000;1.000;0.453;0.262;0.187;0.147;0.124;0.110;0.102;0.097;0
0.454;1.000;0.000;0.500;0.000;0.790;00.0;00.0;34.010;-67.133;0.096;0.098;0.103;0.112;0.127;0.153;0.198;0.295;0.477;0.716;0.835;0.982;0.321;0.230;0.183;0.158;0.148;0.143;0.142;0.146;0.156;0.172;0.198;0.243;0.326;0.535;1.000;1.000;0.454;0.263;0.188;0.147;0.124;0.110;0.102;0.098;0
0.459;1.000;0.000;0.500;0.000;0.792;00.0;00.0;34.010;-67.133;0.096;0.098;0.103;0.112;0.127;0.153;0.198;0.295;0.477;0.716;0.835;0.982;0.321;0.230;0.183;0.158;0.148;0.143;0.142;0.146;0.156;0.172;0.198;0.243;0.326;0.535;1.000;1.000;0.454;0.263;0.188;0.147;0.124;0.110;0.102;0.098;0
0.464;1.000;0.000;0.500;0.000;0.792;00.0;00.0;34.010;-67.133;0.096;0.098;0.103;0.112;0.127;0.153;0.198;0.295;0.477;0.716;0.835;0.982;0.321;0.230;0.183;0.158;0.148;0.143;0.142;0.146;0.156;0.172;0.198;0.243;0.326;0.535;1.000;1.000;0.454;0.263;0.188;0.147;0.124;0.110;0.102;0.098;0
0.469;1.000;0.000;0.500;0.000;0.792;00.0;00.0;34.010;-67.133;0.096;0.098;0.103;0.112;0.127;0.153;0.198;0.295;0.477;0.716;0.835;0.982;0.321;0.230;0.183;0.158;0.148;0.143;0.142;0.146;0.156;0.172;0.198;0.243;0.326;0.535;1.000;1.000;0.454;0.263;0.188;0.147;0.124;0.110;0.102;0.098;0
0.474;1.000;0.000;0.500;0.000;0.792;00.0;00.0;34.335;-67.112;0.096;0.098;0.103;0.112;0.128;0.153;0.198;0.295;0.474;0.709;0.827;0.975;0.323;0.231;0.185;0.155;0.147;0.142;0.142;0.146;0.155;0.171;0.197;0.242;0.325;0.532;1.000;1.000;0.456;0.264;0.188;0.147;0.124;0.110;0.102;0.098;0
0.479;1.000;0.000;0.500;0.000;0.793;00.0;00.0;34.335;-67.112;0.096;0.098;0.103;0.112;0.128;0.153;0.198;0.295;0.474;0.709;0.827;0.975;0.323;0.231;0.185;0.155;0.147;0.142;0.142;0.146;0.155;0.171;0.197;0.242;0.325;0.532;1.000;1.000;0.456;0.264;0.188;0.147;0.124;0.110;0.102;0.098;0
0.483;1.000;0.000;0.500;0.000;0.793;00.0;00.0;34.335;-67.112;0.096;0.098;0.103;0.112;0.128;0.153;0.198;0.295;0.474;0.709;0.827;0.975;0.323;0.231;0.185;0.155;0.147;0.142;0.142;0.146;0.155;0.171;0.197;0.242;0.325;0.532;1.000;1.000;0.456;0.264;0.188;0.147;0.124;0.110;0.102;0.098;0
0.488;0.965;0.000;0.500;0.000;0.793;00.0;00.0;34.335;-67.112;0.096;0.098;0.103;0.112;0.128;0.153;0.198;0.295;0.474;0.709;0.827;0.975;0.323;0.231;0.185;0.155;0.147;0.142;0.142;0.146;0.155;0.171;0.197;0.242;0.325;0.532;1.000;1.000;0.456;0.264;0.188;0.147;0.124;0.110;0.102;0.098;0
0.493;0.847;0.000;0.500;0.000;0.793;00.0;00.0;34.663;-67.091;0.097;0.098;0.103;0.113;0.128;0.153;0.199;0.295;0.471;0.702;0.819;0.968;0.325;0.233;0.186;0.159;0.147;0.142;0.141;0.145;0.155;0.170;0.197;0.241;0.324;0.529;1.000;1.000;0.457;0.265;0.188;0.147;0.124;0.110;0.102;0.098;0
0.498;0.733;0.000;0.500;0.000;0.795;00.0;00.0;34.663;-67.091;0.097;0.098;0.103;0.113;0.128;0.153;0.199;0.295;0.471;0.702;0.819;0.968;0.325;0.233;0.186;0.159;0.147;0.142;0.141;0.145;0.155;0.170;0.197;0.241;0.324;0.529;1.000;1.000;0.457;0.265;0.188;0.147;0.124;0.110;0.102;0.098;0
0.503;0.647;0.000;0.500;0.000;0.795;00.0;00.0;34.663;-67.091;0.097;0.098;0.103;0.113;0.128;0.153;0.199;0.295;0.471;0.702;0.819;0.968;0.325;0.233;0.186;0.159;0.147;0.142;0.141;0.145;0.155;0.170;0.197;0.241;0.324;0.529;1.000;1.000;0.457;0.265;0.188;0.147;0.124;0.110;0.102;0.098;0
0.508;0.545;0.000;0.500;0.000;0.795;00.0;00.0;34.663;-67.091;0.097;0.098;0.103;0.113;0.128;0.153;0.199;0.295;0.471;0.702;0.819;0.968;0.325;0.233;0.186;0.159;0.147;0.142;0.141;0.145;0.155;0.170;0.197;0.241;0.324;0.529;1.000;1.000;0.457;0.265;0.188;0.147;0.124;0.110;0.102;0.098;0
0.513;0.490;0.000;0.500;0.000;0.795;00.0;00.0;34.991;-67.070;0.097;0.098;0.103;0.113;0.128;0.153;0.199;0.296;0.468;0.695;0.812;0.961;0.327;0.234;0.187;0.160;0.146;0.141;0.141;0.145;0.154;0.170;0.196;0.240;0.323;0.527;1.000;1.000;0.458;0.265;0.188;0.148;0.124;0.111;0.102;0.098;0
0.517;0.392;0.000;0.500;0.000;0.796;00.0;00.0;34.991;-67.070;0.097;0.098;0.103;0.113;0.128;0.153;0.199;0.296;0.468;0.695;0.812;0.961;0.327;0.234;0.187;0.160;0.146;0.141;0.141;0.145;0.154;0.170;0.196;0.240;0.323;0.527;1.000;1.000;0.458;0.265;0.188;0.148;0.124;0.111;0.102;0.098;0
0.522;0.325;0.000;0.500;0.000;0.796;00.0;00.0;34.991;-67.070;0.097;0.098;0.103;0.113;0.128;0.153;0.199;0.296;0.468;0.695;0.812;0.961;0.327;0.234;0.187;0.160;0.146;0.141;0.141;0.145;0.154;0.170;0.196;0.240;0.323;0.527;1.000;1.000;0.458;0.265;0.188;0.148;0.124;0.111;0.102;0.098;0
0.527;0.215;0.000;0.500;0.000;0.796;00.0;00.0;34.991;-67.070;0.097;0.098;0.103;0.113;0.128;0.153;0.199;0.296;0.468;0.695;0.812;0.961;0.327;0.234;0.187;0.160;0.146;0.141;0.141;0.145;0.154;0.170;0.196;0.240;0.323;0.527;1.000;1.000;0.458;0.265;0.188;0.148;0.124;0.111;0.102;0.098;0
0.532;0.121;0.000;0.500;0.000;0.796;00.0;00.0;35.320;-67.049;0.097;0.099;0.104;0.113;0.128;0.154;0.199;0.296;0.465;0.689;0.804;0.954;0.329;0.236;0.188;0.161;0.146;0.141;0.140;0.144;0.154;0.169;0.195;0.239;0.322;0.524;1.000;1.000;0.460;0.266;0.188;0.148;0.125;0.111;0.102;0.098;0
0.537;0.030;0.000;0.500;0.000;0.797;00.0;00.0;35.320;-67.049;0.097;0.099;0.104;0.113;0.128;0.154;0.199;0.296;0.465;0.689;0.804;0.954;0.329;0.236;0.188;0.161;0.146;0.141;0.140;0.144;0.154;0.169;0.195;0.239;0.322;0.524;1.000;1.000;0.460;0.266;0.188;0.148;0.125;0.111;0.102;0.098;0
0.542;0.000;0.000;0.500;0.000;0.797;00.0;00.0;35.320;-67.049;0.097;0.099;0.104;0.113;0.128;0.154;0.199;0.296;0.465;0.689;0.804;0.954;0.329;0.236;0.188;0.161;0.146;0.141;0.140;0.144;0.154;0.169;0.195;0.239;0.322;0.524;1.000;1.000;0.460;0.266;0.188;0.148;0.125;0.111;0.102;0.098;0
0.547;0.000;0.000;0.500;0.000;0.797;00.0;00.0;35.320;-67.049;0.097;0.099;0.104;0.113;0.128;0.154;0.199;0.296;0.465;0.689;0.804;0.954;0.329;0.236;0.188;0.161;0.146;0.141;0.140;0.144;0.154;0.169;0.195;0.239;0.322;0.524;1.000;1.000;0.460;0.266;0.188;0.148;0.125;0.111;0.102;0.098;0
0.552;0.000;0.000;0.500;0.000;0.797;00.0;00.0;35.648;-67.028;0.097;0.099;0.104;0.113;0.128;0.154;0.199;0.297;0.462;0.682;0.796;0.948;0.331;0.238;0.190;0.162;0.143;0.140;0.140;0.144;0.153;0.169;0.195;0.239;0.321;0.521;1.000;1.000;0.461;0.267;0.188;0.148;0.125;0.111;0.102;0.098;0
0.557;0.000;0.000;0.500;0.000;0.796;00.0;00.0;35.648;-67.028;0.097;0.099;0.104;0.113;0.128;0.154;0.199;0.297;0.462;0.682;0.796;0.948;0.331;0.238;0.190;0.162;0.143;0.140;0.140;0.144;0.153;0.169;0.195;0.239;0.321;0.521;1.000;1.000;0.461;0.267;0.188;0.148;0.125;0.111;0.102;0.098;0
0.561;0.000;0.000;0.500;0.000;0.796;00.0;00.0;35.648;-67.028;0.097;0.099;0.104;0.113;0.128;0.154;0.199;0.297;0.462;0.682;0.796;0.948;0.331;0.238;0.190;0.162;0.143;0.140;0.140;0.144;0.153;0.169;0.195;0.239;0.321;0.521;1.000;1.000;0.461;0.267;0.188;0.148;0.125;0.111;0.102;0.098;0
0.566;0.000;0.000;0.500;0.000;0.796;00.0;00.0;35.648;-67.028;0.097;0.099;0.104;0.113;0.128;0.154;0.199;0.297;0.462;0.682;0.796;0.948;0.331;0.238;0.190;0.162;0.143;0.140;0.140;0.144;0.153;0.169;0.195;0.239;0.321;0.521;1.000;1.000;0.461;0.267;0.188;0.148;0.125;0.111;0.102;0.098;0
0.572;0.000;0.000;0.500;0.000;0.796;00.0;00.0;35.975;-67.007;0.097;0.099;0.104;0.113;0.128;0.154;0.200;0.297;0.459;0.675;0.788;0.941;0.334;0.239;0.191;0.163;0.146;0.140;0.139;0.143;0.152;0.168;0.194;0.238;0.320;0.518;1.000;1.000;0.463;0.268;0.189;0.148;0.125;0.111;0.103;0.098;0
0.576;0.000;0.000;0.500;0.000;0.795;00.0;00.0;35.975;-67.007;0.097;0.099;0.104;0.113;0.128;0.154;0.200;0.297;0.459;0.675;0.788;0.941;0.334;0.239;0.191;0.163;0.146;0.140;0.139;0.143;0.152;0.168;0.194;0.238;0.320;0.518;1.000;1.000;0.463;0.268;0.189;0.148;0.125;0.111;0.103;0.098;0
0.581;0.000;0.000;0.500;0.000;0.795;00.0;00.0;35.975;-67.007;0.097;0.099;0.104;0.113;0.128;0.154;0.200;0.297;0.459;0.675;0.788;0.941;0.334;0.239;0.191;0.163;0.146;0.140;0.139;0.143;0.152;0.168;0.194;0.238;0.320;0.518;1.000;1.000;0.463;0.268;0.189;0.148;0.125;0.111;0.103;0.098;0
0.586;0.000;0.000;0.500;0.000;0.795;00.0;00.0;35.975;-67.007;0.097;0.099;0.104;0.113;0.128;0.154;0.200;0.297;0.459;0.675;0.788;0.941;0.334;0.239;0.191;0.163;0.146;0.140;0.139;0.143;0.152;0.168;0.194;0.238;0.320;0.518;1.000;1.000;0.463;0.268;0.189;0.148;0.125;0.111;0.103;0.098;0
0.591;0.000;0.000;0.500;0.000;0.795;00.0;00.0;36.302;-66.986;0.097;0.099;0.104;0.113;0.129;0.154;0.200;0.297;0.456;0.668;0.780;0.934;0.336;0.241;0.192;0.164;0.147;0.139;0.139;0.143;0.152;0.168;0.193;0.237;0.318;0.516;1.000;1.000;0.464;0.269;0.189;0.148;0.125;0.111;0.103;0.098;0
0.595;0.000;0.000;0.500;0.000;0.795;00.0;00.0;36.302;-66.986;0.097;0.099;0.104;0.113;0.129;0.154;0.200;0.297;0.456;0.668;0.780;0.934;0.336;0.241;0.192;0.164;0.147;0.139;0.139;0.143;0.152;0.168;0.193;0.237;0.318;0.516;1.000;1.000;0.464;0.269;0.189;0.148;0.125;0.111;0.103;0.098;0
0.600;0.000;0.000;0.500;0.000;0.795;00.0;00.0;36.302;-66.986;0.097;0.099;0.104;0.113;0.129;0.154;0.200;0.297;0.456;0.668;0.780;0.934;0.336;0.241;0.192;0.164;0.147;0.139;0.139;0.143;0.152;0.168;0.193;0.237;0.318;0.516;1.000;1.000;0.464;0.269;0.189;0.148;0.125;0.111;0.103;0.098;0
0.605;0.000;0.000;0.500;0.000;0.795;00.0;00.0;36.302;-66.986;0.097;0.099;0.104;0.113;0.129;0.154;0.200;0.297;0.456;0.668;0.780;0.934;0.336;0.241;0.192;0.164;0.147;0.139;0.139;0.143;0.152;0.168;0.193;0.237;0.318;0.516;1.000;1.000;0.464;0.269;0.189;0.148;0.125;0.111;0.103;0.098;0
0.610;0.000;0.000;0.500;0.000;0.795;00.0;00.0;36.628;-66.964;0.097;0.099;0.104;0.113;0.129;0.154;0.200;0.298;0.453;0.661;0.772;0.927;0.338;0.242;0.193;0.165;0.148;0.139;0.138;0.142;0.151;0.167;0.193;0.236;0.317;0.513;1.000;1.000;0.466;0.270;0.189;0.148;0.125;0.111;0.103;0.098;0
0.615;0.000;0.000;0.500;0.000;0.794;00.0;00.0;36.628;-66.964;0.097;0.099;0.104;0.113;0.129;0.154;0.200;0.298;0.453;0.661;0.772;0.927;0.338;0.242;0.193;0.165;0.148;0.139;0.138;0.142;0.151;0.167;0.193;0.236;0.317;0.513;1.000;1.000;0.466;0.270;0.189;0.148;0.125;0.111;0.103;0.098;0
0.620;0.000;0.000;0.500;0.000;0.794;00.0;00.0;36.628;-66.964;0.097;0.099;0.104;0.113;0.129;0.154;0.200;0.298;0.453;0.661;0.772;0.927;0.338;0.242;0.193;0.165;0.148;0.139;0.138;0.142;0.151;0.167;0.193;0.236;0.317;0.513;1.000;1.000;0.466;0.270;0.189;0.148;0.125;0.111;0.103;0.098;0
0.625;0.000;0.000;0.500;0.000;0.794;00.0;00.0;36.628;-66.964;0.097;0.099;0.104;0.113;0.129;0.154;0.200;0.298;0.453;0.661;0.772;0.927;0.338;0.242;0.193;0.165;0.148;0.139;0.138;0.142;0.151;0.167;0.193;0.236;0.317;0.513;1.000;1.000;0.466;0.270;0.189;0.148;0.125;0.111;0.103;0.098;0
0.630;0.000;0.000;0.500;0.000;0.794;00.0;00.0;36.628;-66.964;0.097;0.099;0.104;0.113;0.129;0.154;0.200;0.298;0.453;0.661;0.772;0.927;0.338;0.242;0.193;0.165;0.148;0.139;0.138;0.142;0.151;0.167;0.193;0.236;0.317;0.513;1.000;1.000;0.466;0.270;0.189;0.148;0.125;0.111;0.103;0.098;0
0.634;0.000;0.000;0.500;0.000;0.794;00.0;00.0;36.953;-66.943;0.097;0.099;0.104;0.113;0.129;0.154;0.200;0.295;0.450;0.655;0.764;0.920;0.340;0.244;0.194;0.166;0.149;0.137;0.138;0.142;0.151;0.166;0.192;0.235;0.316;0.510;1.000;1.000;0.467;0.271;0.189;0.148;0.125;0.111;0.103;0.098;0
0.640;0.000;0.000;0.500;0.000;0.793;00.0;00.0;36.953;-66.943;0.097;0.099;0.104;0.113;0.129;0.154;0.200;0.295;0.450;0.655;0.764;0.920;0.340;0.244;0.194;0.166;0.149;0.137;0.138;0.142;0.151;0.166;0.192;0.235;0.316;0.510;1.000;1.000;0.467;0.271;0.189;0.148;0.125;0.111;0.103;0.098;0
0.644;0.000;0.000;0.500;0.000;0.793;00.0;00.0;36.953;-66.943;0.097;0.099;0.104;0.113;0.129;0.154;0.200;0.295;0.450;0.655;0.764;0.920;0.340;0.244;0.194;0.166;0.149;0.137;0.138;0.142;0.151;0.166;0.192;0.235;0.316;0.510;1.000;1.000;0.467;0.271;0.189;0.148;0.125;0.111;0.103;0.098;0
0.650;0.000;0.000;0.500;0.000;0.793;00.0;00.0;36.953;-66.943;0.097;0.099;0.104;0.113;0.129;0.154;0.200;0.295;0.450;0.655;0.764;0.920;0.340;0.244;0.194;0.166;0.149;0.137;0.138;0.142;0.151;0.166;0.192;0.235;0.316;0.510;1.000;1.000;0.467;0.271;0.189;0.148;0.125;0.111;0.103;0.098;0
0.654;0.000;0.000;0.500;0.000;0.793;00.0;00.0;37.278;-66.922;0.097;0.099;0.104;0.114;0.129;0.155;0.201;0.296;0.447;0.648;0.756;0.913;0.342;0.245;0.196;0.167;0.150;0.139;0.137;0.141;0.150;0.166;0.191;0.234;0.315;0.507;1.000;1.000;0.469;0.267;0.189;0.149;0.125;0.111;0.103;0.099;0
0.659;0.000;0.000;0.500;0.000;0.793;00.0;00.0;37.278;-66.922;0.097;0.099;0.104;0.114;0.129;0.155;0.201;0.296;0.447;0.648;0.756;0.913;0.342;0.245;0.196;0.167;0.150;0.139;0.137;0.141;0.150;0.166;0.191;0.234;0.315;0.507;1.000;1.000;0.469;0.267;0.189;0.149;0.125;0.111;0.103;0.099;0
0.664;0.000;0.000;0.500;0.000;0.793;00.0;00.0;37.278;-66.922;0.097;0.099;0.104;0.114;0.129;0.155;0.201;0.296;0.447;0.648;0.756;0.913;0.342;0.245;0.196;0.167;0.150;0.139;0.137;0.141;0.150;0.166;0.191;0.234;0.315;0.507;1.000;1.000;0.469;0.267;0.189;0.149;0.125;0.111;0.103;0.099;0
0.669;0.000;0.000;0.500;0.000;0.793;00.0;00.0;37.278;-66.922;0.097;0.099;0.104;0.114;0.129;0.155;0.201;0.296;0.447;0.648;0.756;0.913;0.342;0.245;0.196;0.167;0.150;0.139;0.137;0.141;0.150;0.166;0.191;0.234;0.315;0.507;1.000;1.000;0.469;0.267;0.189;0.149;0.125;0.111;0.103;0.099;0
0.674;0.000;0.000;0.500;0.000;0.793;00.0;00.0;37.602;-66.901;0.098;0.099;0.104;0.114;0.129;0.155;0.201;0.294;0.444;0.641;0.748;0.906;0.344;0.247;0.197;0.168;0.151;0.140;0.137;0.141;0.150;0.165;0.191;0.234;0.314;0.504;1.000;1.000;0.470;0.272;0.190;0.149;0.126;0.112;0.103;0.099;0
0.678;0.000;0.000;0.500;0.000;0.792;00.0;00.0;37.602;-66.901;0.098;0.099;0.104;0.114;0.129;0.155;0.201;0.294;0.444;0.641;0.748;0.906;0.344;0.247;0.197;0.168;0.151;0.140;0.137;0.141;0.150;0.165;0.191;0.234;0.314;0.504;1.000;1.000;0.470;0.272;0.190;0.149;0.126;0.112;0.103;0.099;0
0.683;0.000;0.000;0.500;0.000;0.792;00.0;00.0;37.602;-66.901;0.098;0.099;0.104;0.114;0.129;0.155;0.201;0.294;0.444;0.641;0.748;0.906;0.344;0.247;0.197;0.168;0.151;0.140;0.137;0.141;0.150;0.165;0.191;0.234;0.314;0.504;1.000;1.000;0.470;0.272;0.190;0.149;0.126;0.112;0.103;0.099;0
0.689;0.000;0.000;0.500;0.000;0.792;00.0;00.0;37.602;-66.901;0.098;0.099;0.104;0.114;0.129;0.155;0.201;0.294;0.444;0.641;0.748;0.906;0.344;0.247;0.197;0.168;0.151;0.140;0.137;0.141;0.150;0.165;0.191;0.234;0.314;0.504;1.000;1.000;0.470;0.272;0.190;0.149;0.126;0.112;0.103;0.099;0
0.693;0.000;0.000;0.500;0.000;0.792;00.0;00.0;37.925;-66.880;0.098;0.099;0.105;0.114;0.129;0.155;0.201;0.292;0.441;0.634;0.740;0.899;0.346;0.248;0.198;0.169;0.152;0.141;0.136;0.140;0.149;0.165;0.190;0.233;0.313;0.494;1.000;1.000;0.472;0.273;0.190;0.149;0.126;0.112;0.103;0.099;0
0.698;0.000;0.000;0.500;0.000;0.791;00.0;00.0;37.925;-66.880;0.098;0.099;0.105;0.114;0.129;0.155;0.201;0.292;0.441;0.634;0.740;0.899;0.346;0.248;0.198;0.169;0.152;0.141;0.136;0.140;0.149;0.165;0.190;0.233;0.313;0.494;1.000;1.000;0.472;0.273;0.190;0.149;0.126;0.112;0.103;0.099;0
0.703;0.000;0.000;0.500;0.000;0.791;00.0;00.0;37.925;-66.880;0.098;0.099;0.105;0.114;0.129;0.155;0.201;0.292;0.441;0.634;0.740;0.899;0.346;0.248;0.198;0.169;0.152;0.141;0.136;0.140;0.149;0.165;0.190;0.233;0.313;0.494;1.000;1.000;0.472;0.273;0.190;0.149;0.126;0.112;0.103;0.099;0
0.708;0.000;0.000;0.500;0.000;0.791;00.0;00.0;37.925;-66.880;0.098;0.099;0.105;0.114;0.129;0.155;0.201;0.292;0.441;0.634;0.740;0.899;0.346;0.248;0.198;0.169;0.152;0.141;0.136;0.140;0.149;0.165;0.190;0.233;0.313;0.494;1.000;1.000;0.472;0.273;0.190;0.149;0.126;0.112;0.103;0.099;0
0.712;0.000;0.000;0.500;0.000;0.791;00.0;00.0;38.248;-66.859;0.098;0.100;0.105;0.114;0.129;0.155;0.201;0.290;0.438;0.628;0.733;0.893;0.348;0.250;0.199;0.170;0.153;0.142;0.137;0.140;0.149;0.164;0.189;0.232;0.312;0.499;1.000;1.000;0.473;0.273;0.190;0.149;0.126;0.112;0.103;0.099;0
0.718;0.000;0.000;0.500;0.000;0.791;00.0;00.0;38.248;-66.859;0.098;0.100;0.105;0.114;0.129;0.155;0.201;0.290;0.438;0.628;0.733;0.893;0.348;0.250;0.199;0.170;0.153;0.142;0.137;0.140;0.149;0.164;0.189;0.232;0.312;0.499;1.000;1.000;0.473;0.273;0.190;0.149;0.126;0.112;0.103;0.099;0
0.723;0.000;0.000;0.500;0.000;0.791;00.0;00.0;38.248;-66.859;0.098;0.100;0.105;0.114;0.129;0.155;0.201;0.290;0.438;0.628;0.733;0.893;0.348;0.250;0.199;0.170;0.153;0.142;0.137;0.140;0.149;0.164;0.189;0.232;0.312;0.499;1.000;1.000;0.473;0.273;0.190;0.149;0.126;0.112;0.103;0.099;0
0.727;0.000;0.000;0.500;0.000;0.791;00.0;00.0;38.248;-66.859;0.098;0.100;0.105;0.114;0.129;0.155;0.201;0.290;0.438;0.628;0.733;0.893;0.348;0.250;0.199;0.170;0.153;0.142;0.137;0.140;0.149;0.164;0.189;0.232;0.312;0.499;1.000;1.000;0.473;0.273;0.190;0.149;0.126;0.112;0.103;0.099;0
0.732;0.000;0.000;0.500;0.000;0.791;00.0;00.0;38.569;-66.837;0.098;0.100;0.105;0.114;0.130;0.155;0.202;0.288;0.435;0.621;0.725;0.886;0.351;0.251;0.201;0.171;0.153;0.143;0.138;0.139;0.148;0.163;0.189;0.231;0.311;0.497;1.000;1.000;0.475;0.273;0.190;0.149;0.126;0.112;0.103;0.099;0
0.737;0.000;0.000;0.500;0.000;0.790;00.0;00.0;38.569;-66.837;0.098;0.100;0.105;0.114;0.130;0.155;0.202;0.288;0.435;0.621;0.725;0.886;0.351;0.251;0.201;0.171;0.153;0.143;0.138;0.139;0.148;0.163;0.189;0.231;0.311;0.497;1.000;1.000;0.475;0.273;0.190;0.149;0.126;0.112;0.103;0.099;0
0.742;0.000;0.000;0.500;0.000;0.790;00.0;00.0;38.569;-66.837;0.098;0.100;0.105;0.114;0.130;0.155;0.202;0.288;0.435;0.621;0.725;0.886;0.351;0.251;0.201;0.171;0.153;0.143;0.138;0.139;0.148;0.163;0.189;0.231;0.311;0.497;1.000;1.000;0.475;0.273;0.190;0.149;0.126;0.112;0.103;0.099;0
0.747;0.000;0.000;0.500;0.000;0.790;00.0;00.0;38.569;-66.837;0.098;0.100;0.105;0.114;0.130;0.155;0.202;0.288;0.435;0.621;0.725;0.886;0.351;0.251;0.201;0.171;0.153;0.143;0.138;0.139;0.148;0.163;0.189;0.231;0.311;0.497;1.000;1.000;0.475;0.273;0.190;0.149;0.126;0.112;0.103;0.099;0
0.752;0.000;0.000;0.500;0.000;0.790;00.0;00.0;38.890;-66.816;0.098;0.100;0.105;0.114;0.130;0.155;0.202;0.286;0.432;0.614;0.717;0.879;0.353;0.253;0.202;0.172;0.154;0.144;0.139;0.139;0.148;0.163;0.188;0.230;0.310;0.495;1.000;1.000;0.477;0.274;0.190;0.149;0.126;0.112;0.104;0.099;0
0.756;0.000;0.000;0.500;0.000;0.790;00.0;00.0;38.890;-66.816;0.098;0.100;0.105;0.114;0.130;0.155;0.202;0.286;0.432;0.614;0.717;0.879;0.353;0.253;0.202;0.172;0.154;0.144;0.139;0.139;0.148;0.163;0.188;0.230;0.310;0.495;1.000;1.000;0.477;0.274;0.190;0.149;0.126;0.112;0.104;0.099;0
0.761;0.000;0.000;0.500;0.000;0.790;00.0;00.0;38.890;-66.816;0.098;0.100;0.105;0.114;0.130;0.155;0.202;0.286;0.432;0.614;0.717;0.879;0.353;0.253;0.202;0.172;0.154;0.144;0.139;0.139;0.148;0.163;0.188;0.230;0.310;0.495;1.000;1.000;0.477;0.274;0.190;0.149;0.126;0.112;0.104;0.099;0
0.766;0.000;0.000;0.500;0.000;0.790;00.0;00.0;38.890;-66.816;0.098;0.100;0.105;0.114;0.130;0.155;0.202;0.286;0.432;0.614;0.717;0.879;0.353;0.253;0.202;0.172;0.154;0.144;0.139;0.139;0.148;0.163;0.188;0.230;0.310;0.495;1.000;1.000;0.477;0.274;0.190;0.149;0.126;0.112;0.104;0.099;0
0.771;0.000;0.000;0.500;0.000;0.790;00.0;00.0;39.211;-66.795;0.098;0.100;0.105;0.114;0.130;0.156;0.202;0.284;0.428;0.608;0.709;0.872;0.355;0.254;0.203;0.173;0.155;0.145;0.139;0.136;0.147;0.162;0.187;0.229;0.308;0.494;1.000;1.000;0.478;0.274;0.191;0.150;0.126;0.112;0.104;0.099;0
0.776;0.000;0.000;0.500;0.000;0.789;00.0;00.0;39.211;-66.795;0.098;0.100;0.105;0.114;0.130;0.156;0.202;0.284;0.428;0.608;0.709;0.872;0.355;0.254;0.203;0.173;0.155;0.145;0.139;0.136;0.147;0.162;0.187;0.229;0.308;0.494;1.000;1.000;0.478;0.274;0.191;0.150;0.126;0.112;0.104;0.099;0
0.781;0.000;0.000;0.500;0.000;0.789;00.0;00.0;39.211;-66.795;0.098;0.100;0.105;0.114;0.130;0.156;0.202;0.284;0.428;0.608;0.709;0.872;0.355;0.254;0.203;0.173;0.155;0.145;0.139;0.136;0.147;0.162;0.187;0.229;0.308;0.494;1.000;1.000;0.478;0.274;0.191;0.150;0.126;0.112;0.104;0.099;0
0.786;0.000;0.000;0.500;0.000;0.789;00.0;00.0;39.211;-66.795;0.098;0.100;0.105;0.114;0.130;0.156;0.202;0.284;0.428;0.608;0.709;0.872;0.355;0.254;0.203;0.173;0.155;0.145;0.139;0.136;0.147;0.162;0.187;0.229;0.308;0.494;1.000;1.000;0.478;0.274;0.191;0.150;0.126;0.112;0.104;0.099;0
0.790;0.000;0.000;0.500;0.000;0.789;00.0;00.0;39.531;-66.774;0.098;0.100;0.105;0.114;0.130;0.156;0.202;0.282;0.425;0.601;0.701;0.865;0.357;0.256;0.204;0.174;0.156;0.146;0.140;0.139;0.147;0.162;0.186;0.229;0.307;0.492;1.000;1.000;0.480;0.274;0.191;0.150;0.126;0.112;0.104;0.099;0
0.796;0.000;0.000;0.500;0.000;0.788;00.0;00.0;39.531;-66.774;0.098;0.100;0.105;0.114;0.130;0.156;0.202;0.282;0.425;0.601;0.701;0.865;0.357;0.256;0.204;0.174;0.156;0.146;0.140;0.139;0.147;0.162;0.186;0.229;0.307;0.492;1.000;1.000;0.480;0.274;0.191;0.150;0.126;0.112;0.104;0.099;0
0.800;0.000;0.000;0.500;0.000;0.788;00.0;00.0;39.531;-66.774;0.098;0.100;0.105;0.114;0.130;0.156;0.202;0.282;0.425;0.601;0.701;0.865;0.357;0.256;0.204;0.174;0.156;0.146;0.140;0.139;0.147;0.162;0.186;0.229;0.307;0.492;1.000;1.000;0.480;0.274;0.191;0.150;0.126;0.112;0.104;0.099;0
0.805;0.000;0.000;0.500;0.000;0.788;00.0;00.0;39.531;-66.774;0.098;0.100;0.105;0.114;0.130;0.156;0.202;0.282;0.425;0.601;0.701;0.865;0.357;0.256;0.204;0.174;0.156;0.146;0.140;0.139;0.147;0.162;0.186;0.229;0.307;0.492;1.000;1.000;0.480;0.274;0.191;0.150;0.126;0.112;0.104;0.099;0
0.810;0.000;0.000;0.500;0.000;0.788;00.0;00.0;39.531;-66.774;0.098;0.100;0.105;0.114;0.130;0.156;0.202;0.282;0.425;0.601;0.701;0.865;0.357;0.256;0.204;0.174;0.156;0.146;0.140;0.139;0.147;0.162;0.186;0.229;0.307;0.492;1.000;1.000;0.480;0.274;0.191;0.150;0.126;0.112;0.104;0.099;0
0.815;0.000;0.000;0.500;0.000;0.788;00.0;00.0;39.850;-66.753;0.098;0.100;0.105;0.115;0.130;0.156;0.202;0.280;0.422;0.594;0.694;0.859;0.907;0.257;0.205;0.175;0.157;0.146;0.141;0.140;0.146;0.161;0.186;0.228;0.306;0.490;1.000;1.000;0.481;0.275;0.191;0.150;0.126;0.112;0.104;0.099;0
0.820;0.000;0.000;0.500;0.000;0.788;00.0;00.0;39.850;-66.753;0.098;0.100;0.105;0.115;0.130;0.156;0.202;0.280;0.422;0.594;0.694;0.859;0.907;0.257;0.205;0.175;0.157;0.146;0.141;0.140;0.146;0.161;0.186;0.228;0.306;0.490;1.000;1.000;0.481;0.275;0.191;0.150;0.126;0.112;0.104;0.099;0
0.825;0.000;0.000;0.500;0.000;0.788;00.0;00.0;39.850;-66.753;0.098;0.100;0.105;0.115;0.130;0.156;0.202;0.280;0.422;0.594;0.694;0.859;0.907;0.257;0.205;0.175;0.157;0.146;0.141;0.140;0.146;0.161;0.186;0.228;0.306;0.490;1.000;1.000;0.481;0.275;0.191;0.150;0.126;0.112;0.104;0.099;0
0.830;0.000;0.000;0.500;0.000;0.788;00.0;00.0;39.850;-66.753;0.098;0.100;0.105;0.115;0.130;0.156;0.202;0.280;0.422;0.594;0.694;0.859;0.907;0.257;0.205;0.175;0.157;0.146;0.141;0.140;0.146;0.161;0.186;0.228;0.306;0.490;1.000;1.000;0.481;0.275;0.191;0.150;0.126;0.112;0.104;0.099;0
0.835;0.000;0.000;0.500;0.000;0.788;00.0;00.0;40.168;-66.732;0.098;0.100;0.105;0.115;0.130;0.156;0.203;0.278;0.419;0.588;0.686;0.852;0.900;0.259;0.207;0.176;0.158;0.147;0.142;0.141;0.145;0.160;0.185;0.227;0.305;0.488;1.000;1.000;0.483;0.275;0.191;0.150;0.127;0.112;0.104;0.100;0
0.840;0.000;0.000;0.500;0.000;0.787;00.0;00.0;40.168;-66.732;0.098;0.100;0.105;0.115;0.130;0.156;0.203;0.278;0.419;0.588;0.686;0.852;0.900;0.259;0.207;0.176;0.158;0.147;0.142;0.141;0.145;0.160;0.185;0.227;0.305;0.488;1.000;1.000;0.483;0.275;0.191;0.150;0.127;0.112;0.104;0.100;0
0.844;0.000;0.000;0.500;0.000;0.787;00.0;00.0;40.168;-66.732;0.098;0.100;0.105;0.115;0.130;0.156;0.203;0.278;0.419;0.588;0.686;0.852;0.900;0.259;0.207;0.176;0.158;0.147;0.142;0.141;0.145;0.160;0.185;0.227;0.305;0.488;1.000;1.000;0.483;0.275;0.191;0.150;0.127;0.112;0.104;0.100;0
0.849;0.000;0.000;0.500;0.000;0.787;00.0;00.0;40.168;-66.732;0.098;0.100;0.105;0.115;0.130;0.156;0.203;0.278;0.419;0.588;0.686;0.852;0.900;0.259;0.207;0.176;0.158;0.147;0.142;0.141;0.145;0.160;0.185;0.227;0.305;0.488;1.000;1.000;0.483;0.275;0.191;0.150;0.127;0.112;0.104;0.100;0
0.854;0.000;0.000;0.500;0.000;0.787;00.0;00.0;40.486;-66.711;0.098;0.100;0.105;0.115;0.130;0.156;0.203;0.275;0.416;0.581;0.678;0.843;0.893;0.260;0.208;0.177;0.159;0.148;0.143;0.142;0.145;0.160;0.184;0.226;0.304;0.486;1.000;1.000;0.485;0.275;0.191;0.150;0.127;0.113;0.104;0.100;0
0.860;0.000;0.000;0.500;0.000;0.787;00.0;00.0;40.486;-66.711;0.098;0.100;0.105;0.115;0.130;0.156;0.203;0.275;0.416;0.581;0.678;0.843;0.893;0.260;0.208;0.177;0.159;0.148;0.143;0.142;0.145;0.160;0.184;0.226;0.304;0.486;1.000;1.000;0.485;0.275;0.191;0.150;0.127;0.113;0.104;0.100;0
0.864;0.000;0.000;0.500;0.000;0.787;00.0;00.0;40.486;-66.711;0.098;0.100;0.105;0.115;0.130;0.156;0.203;0.275;0.416;0.581;0.678;0.843;0.893;0.260;0.208;0.177;0.159;0.148;0.143;0.142;0.145;0.160;0.184;0.226;0.304;0.486;1.000;1.000;0.485;0.275;0.191;0.150;0.127;0.113;0.104;0.100;0
0.869;0.000;0.000;0.500;0.000;0.787;00.0;00.0;40.486;-66.711;0.098;0.100;0.105;0.115;0.130;0.156;0.203;0.275;0.416;0.581;0.678;0.843;0.893;0.260;0.208;0.177;0.159;0.148;0.143;0.142;0.145;0.160;0.184;0.226;0.304;0.486;1.000;1.000;0.485;0.275;0.191;0.150;0.127;0.113;0.104;0.100;0
0.873;0.000;0.000;0.500;0.000;0.787;00.0;00.0;40.803;-66.690;0.099;0.100;0.106;0.115;0.131;0.157;0.203;0.273;0.413;0.574;0.670;0.836;0.886;0.262;0.209;0.178;0.160;0.149;0.143;0.143;0.146;0.159;0.184;0.225;0.303;0.485;1.000;1.000;0.486;0.275;0.192;0.150;0.127;0.113;0.104;0.100;0
0.879;0.000;0.000;0.500;0.000;0.786;00.0;00.0;40.803;-66.690;0.099;0.100;0.106;0.115;0.131;0.157;0.203;0.273;0.413;0.574;0.670;0.836;0.886;0.262;0.209;0.178;0.160;0.149;0.143;0.143;0.146;0.159;0.184;0.225;0.303;0.485;1.000;1.000;0.486;0.275;0.192;0.150;0.127;0.113;0.104;0.100;0
0.884;0.000;0.000;0.477;0.000;0.786;00.0;00.0;40.803;-66.690;0.099;0.100;0.106;0.115;0.131;0.157;0.203;0.273;0.413;0.574;0.670;0.836;0.886;0.262;0.209;0.178;0.160;0.149;0.143;0.143;0.146;0.159;0.184;0.225;0.303;0.485;1.000;1.000;0.486;0.275;0.192;0.150;0.127;0.113;0.104;0.100;0
0.888;0.000;0.000;0.477;0.000;0.786;00.0;00.0;40.803;-66.690;0.099;0.100;0.106;0.115;0.131;0.157;0.203;0.273;0.413;0.574;0.670;0.836;0.886;0.262;0.209;0.178;0.160;0.149;0.143;0.143;0.146;0.159;0.184;0.225;0.303;0.485;1.000;1.000;0.486;0.275;0.192;0.150;0.127;0.113;0.104;0.100;0
0.894;0.000;0.000;0.397;0.000;0.786;00.0;00.0;41.119;-66.668;0.099;0.101;0.106;0.115;0.131;0.157;0.204;0.272;0.413;0.569;0.664;0.828;0.879;0.263;0.210;0.179;0.161;0.150;0.144;0.143;0.147;0.159;0.183;0.225;0.303;0.486;1.000;1.000;0.484;0.275;0.191;0.150;0.127;0.113;0.104;0.100;0
0.899;0.000;0.000;0.357;0.000;0.785;00.0;00.0;41.119;-66.668;0.099;0.101;0.106;0.115;0.131;0.157;0.204;0.272;0.413;0.569;0.664;0.828;0.879;0.263;0.210;0.179;0.161;0.150;0.144;0.143;0.147;0.159;0.183;0.225;0.303;0.486;1.000;1.000;0.484;0.275;0.191;0.150;0.127;0.113;0.104;0.100;0
0.903;0.000;0.000;0.310;0.000;0.785;00.0;00.0;41.119;-66.668;0.099;0.101;0.106;0.115;0.131;0.157;0.204;0.272;0.413;0.569;0.664;0.828;0.879;0.263;0.210;0.179;0.161;0.150;0.144;0.143;0.147;0.159;0.183;0.225;0.303;0.486;1.000;1.000;0.484;0.275;0.191;0.150;0.127;0.113;0.104;0.100;0
0.908;0.000;0.000;0.252;0.000;0.785;00.0;00.0;41.119;-66.668;0.099;0.101;0.106;0.115;0.131;0.157;0.204;0.272;0.413;0.569;0.664;0.828;0.879;0.263;0.210;0.179;0.161;0.150;0.144;0.143;0.147;0.159;0.183;0.225;0.303;0.486;1.000;1.000;0.484;0.275;0.191;0.150;0.127;0.113;0.104;0.100;0
0.913;0.000;0.000;0.214;0.000;0.785;00.0;00.0;41.433;-66.641;0.099;0.101;0.106;0.116;0.132;0.159;0.207;0.274;0.417;0.564;0.660;0.824;0.874;0.262;0.210;0.179;0.161;0.150;0.145;0.144;0.148;0.159;0.183;0.226;0.305;0.493;1.000;1.000;0.475;0.271;0.190;0.150;0.127;0.113;0.104;0.100;0
0.918;0.000;0.000;0.134;0.000;0.784;00.0;00.0;41.433;-66.641;0.099;0.101;0.106;0.116;0.132;0.159;0.207;0.274;0.417;0.564;0.660;0.824;0.874;0.262;0.210;0.179;0.161;0.150;0.145;0.144;0.148;0.159;0.183;0.226;0.305;0.493;1.000;1.000;0.475;0.271;0.190;0.150;0.127;0.113;0.104;0.100;0
0.923;0.000;0.000;0.062;0.000;0.784;00.0;00.0;41.433;-66.641;0.099;0.101;0.106;0.116;0.132;0.159;0.207;0.274;0.417;0.564;0.660;0.824;0.874;0.262;0.210;0.179;0.161;0.150;0.145;0.144;0.148;0.159;0.183;0.226;0.305;0.493;1.000;1.000;0.475;0.271;0.190;0.150;0.127;0.113;0.104;0.100;0
0.928;0.000;0.000;0.062;0.000;0.784;00.0;00.0;41.433;-66.641;0.099;0.101;0.106;0.116;0.132;0.159;0.207;0.274;0.417;0.564;0.660;0.824;0.874;0.262;0.210;0.179;0.161;0.150;0.145;0.144;0.148;0.159;0.183;0.226;0.305;0.493;1.000;1.000;0.475;0.271;0.190;0.150;0.127;0.113;0.104;0.100;0
0.940;0.000;0.000;0.053;0.000;0.784;00.0;00.0;41.746;-66.610;0.099;0.101;0.107;0.117;0.133;0.161;0.210;0.277;0.427;0.562;0.659;0.821;0.870;0.259;0.208;0.179;0.161;0.150;0.145;0.145;0.149;0.159;0.184;0.227;0.309;0.508;1.000;1.000;0.461;0.266;0.188;0.149;0.126;0.113;0.104;0.100;0
0.943;0.000;0.000;0.047;0.000;0.783;00.0;00.0;41.746;-66.610;0.099;0.101;0.107;0.117;0.133;0.161;0.210;0.277;0.427;0.562;0.659;0.821;0.870;0.259;0.208;0.179;0.161;0.150;0.145;0.145;0.149;0.159;0.184;0.227;0.309;0.508;1.000;1.000;0.461;0.266;0.188;0.149;0.126;0.113;0.104;0.100;0
0.948;0.000;0.000;0.047;0.000;0.783;00.0;00.0;41.746;-66.610;0.099;0.101;0.107;0.117;0.133;0.161;0.210;0.277;0.427;0.562;0.659;0.821;0.870;0.259;0.208;0.179;0.161;0.150;0.145;0.145;0.149;0.159;0.184;0.227;0.309;0.508;1.000;1.000;0.461;0.266;0.188;0.149;0.126;0.113;0.104;0.100;0
0.952;0.000;0.000;0.047;0.000;0.783;00.0;00.0;42.056;-66.574;0.100;0.102;0.108;0.118;0.136;0.164;0.212;0.282;0.443;0.561;0.661;0.817;0.868;0.255;0.206;0.178;0.160;0.150;0.146;0.145;0.150;0.157;0.185;0.230;0.316;0.530;1.000;1.000;0.441;0.259;0.185;0.147;0.125;0.112;0.104;0.101;0
0.958;0.000;0.000;0.038;0.000;0.781;00.0;00.0;42.056;-66.574;0.100;0.102;0.108;0.118;0.136;0.164;0.212;0.282;0.443;0.561;0.661;0.817;0.868;0.255;0.206;0.178;0.160;0.150;0.146;0.145;0.150;0.157;0.185;0.230;0.316;0.530;1.000;1.000;0.441;0.259;0.185;0.147;0.125;0.112;0.104;0.101;0
0.962;0.000;0.000;0.038;0.000;0.781;00.0;00.0;42.056;-66.574;0.100;0.102;0.108;0.118;0.136;0.164;0.212;0.282;0.443;0.561;0.661;0.817;0.868;0.255;0.206;0.178;0.160;0.150;0.146;0.145;0.150;0.157;0.185;0.230;0.316;0.530;1.000;1.000;0.441;0.259;0.185;0.147;0.125;0.112;0.104;0.101;0
0.967;0.000;0.000;0.038;0.000;0.781;00.0;00.0;42.056;-66.574;0.100;0.102;0.108;0.118;0.136;0.164;0.212;0.282;0.443;0.561;0.661;0.817;0.868;0.255;0.206;0.178;0.160;0.150;0.146;0.145;0.150;0.157;0.185;0.230;0.316;0.530;1.000;1.000;0.441;0.259;0.185;0.147;0.125;0.112;0.104;0.101;0
0.972;0.000;0.000;0.038;0.000;0.781;00.0;00.0;42.364;-66.532;0.100;0.103;0.109;0.120;0.138;0.169;0.216;0.290;0.466;0.562;0.665;0.814;0.867;0.250;0.204;0.176;0.160;0.150;0.146;0.146;0.151;0.161;0.187;0.234;0.325;0.561;1.000;1.000;0.420;0.251;0.181;0.146;0.125;0.112;0.105;0.101;0
0.977;0.000;0.000;0.038;0.000;0.779;00.0;00.0;42.364;-66.532;0.100;0.103;0.109;0.120;0.138;0.169;0.216;0.290;0.466;0.562;0.665;0.814;0.867;0.250;0.204;0.176;0.160;0.150;0.146;0.146;0.151;0.161;0.187;0.234;0.325;0.561;1.000;1.000;0.420;0.251;0.181;0.146;0.125;0.112;0.105;0.101;0
0.982;0.000;0.000;0.038;0.000;0.779;00.0;00.0;42.364;-66.532;0.100;0.103;0.109;0.120;0.138;0.169;0.216;0.290;0.466;0.562;0.665;0.814;0.867;0.250;0.204;0.176;0.160;0.150;0.146;0.146;0.151;0.161;0.187;0.234;0.325;0.561;1.000;1.000;0.420;0.251;0.181;0.146;0.125;0.112;0.105;0.101;0
0.987;0.000;0.000;0.038;0.000;0.779;00.0;00.0;42.364;-66.532;0.100;0.103;0.109;0.120;0.138;0.169;0.216;0.290;0.466;0.562;0.665;0.814;0.867;0.250;0.204;0.176;0.160;0.150;0.146;0.146;0.151;0.161;0.187;0.234;0.325;0.561;1.000;1.000;0.420;0.251;0.181;0.146;0.125;0.112;0.105;0.101;0
0.992;0.000;0.000;0.038;0.000;0.779;00.0;00.0;42.669;-66.484;0.101;0.104;0.111;0.123;0.142;0.174;0.221;0.301;0.497;0.564;0.673;0.812;0.868;0.244;0.200;0.174;0.159;0.150;0.146;0.146;0.152;0.163;0.190;0.239;0.338;0.609;1.000;0.963;0.397;0.242;0.178;0.144;0.124;0.112;0.105;0.101;0
0.997;0.000;0.000;0.038;0.000;0.778;00.0;00.0;42.669;-66.484;0.101;0.104;0.111;0.123;0.142;0.174;0.221;0.301;0.497;0.564;0.673;0.812;0.868;0.244;0.200;0.174;0.159;0.150;0.146;0.146;0.152;0.163;0.190;0.239;0.338;0.609;1.000;0.963;0.397;0.242;0.178;0.144;0.124;0.112;0.105;0.101;0
1.001;0.000;0.000;0.038;0.000;0.778;00.0;00.0;42.669;-66.484;0.101;0.104;0.111;0.123;0.142;0.174;0.221;0.301;0.497;0.564;0.673;0.812;0.868;0.244;0.200;0.174;0.159;0.150;0.146;0.146;0.152;0.163;0.190;0.239;0.338;0.609;1.000;0.963;0.397;0.242;0.178;0.144;0.124;0.112;0.105;0.101;0
1.007;0.000;0.000;0.038;0.000;0.778;00.0;00.0;42.669;-66.484;0.101;0.104;0.111;0.123;0.142;0.174;0.221;0.301;0.497;0.564;0.673;0.812;0.868;0.244;0.200;0.174;0.159;0.150;0.146;0.146;0.152;0.163;0.190;0.239;0.338;0.609;1.000;0.963;0.397;0.242;0.178;0.144;0.124;0.112;0.105;0.101;0
1.011;0.000;0.000;0.131;0.000;0.778;00.0;00.0;42.971;-66.431;0.102;0.106;0.113;0.126;0.146;0.181;0.228;0.316;0.500;0.569;0.683;0.810;0.870;0.237;0.196;0.172;0.157;0.149;0.146;0.147;0.153;0.165;0.192;0.245;0.353;0.682;1.000;0.824;0.372;0.233;0.174;0.142;0.123;0.112;0.105;0.102;0
1.017;0.000;0.000;0.180;0.000;0.777;00.0;00.0;42.971;-66.431;0.102;0.106;0.113;0.126;0.146;0.181;0.228;0.316;0.500;0.569;0.683;0.810;0.870;0.237;0.196;0.172;0.157;0.149;0.146;0.147;0.153;0.165;0.192;0.245;0.353;0.682;1.000;0.824;0.372;0.233;0.174;0.142;0.123;0.112;0.105;0.102;0
1.022;0.000;0.000;0.261;0.000;0.777;00.0;00.0;42.971;-66.431;0.102;0.106;0.113;0.126;0.146;0.181;0.228;0.316;0.500;0.569;0.683;0.810;0.870;0.237;0.196;0.172;0.157;0.149;0.146;0.147;0.153;0.165;0.192;0.245;0.353;0.682;1.000;0.824;0.372;0.233;0.174;0.142;0.123;0.112;0.105;0.102;0
1.027;0.000;0.000;0.470;0.000;0.777;00.0;00.0;42.971;-66.431;0.102;0.106;0.113;0.126;0.146;0.181;0.228;0.316;0.500;0.569;0.683;0.810;0.870;0.237;0.196;0.172;0.157;0.149;0.146;0.147;0.153;0.165;0.192;0.245;0.353;0.682;1.000;0.824;0.372;0.233;0.174;0.142;0.123;0.112;0.105;0.102;0
1.031;0.000;0.000;0.470;0.000;0.777;00.0;00.0;43.273;-66.375;0.103;0.107;0.115;0.128;0.150;0.186;0.234;0.330;0.500;0.572;0.692;0.808;0.872;0.232;0.193;0.170;0.156;0.148;0.146;0.147;0.154;0.166;0.195;0.251;0.368;0.765;1.000;0.734;0.352;0.226;0.171;0.140;0.122;0.112;0.105;0.103;0
1.036;0.000;0.000;0.500;0.000;0.776;00.0;00.0;43.273;-66.375;0.103;0.107;0.115;0.128;0.150;0.186;0.234;0.330;0.500;0.572;0.692;0.808;0.872;0.232;0.193;0.170;0.156;0.148;0.146;0.147;0.154;0.166;0.195;0.251;0.368;0.765;1.000;0.734;0.352;0.226;0.171;0.140;0.122;0.112;0.105;0.103;0
1.041;0.000;0.000;0.500;0.000;0.776;00.0;00.0;43.273;-66.375;0.103;0.107;0.115;0.128;0.150;0.186;0.234;0.330;0.500;0.572;0.692;0.808;0.872;0.232;0.193;0.170;0.156;0.148;0.146;0.147;0.154;0.166;0.195;0.251;0.368;0.765;1.000;0.734;0.352;0.226;0.171;0.140;0.122;0.112;0.105;0.103;0
1.046;0.000;0.000;0.500;0.000;0.776;00.0;00.0;43.273;-66.375;0.103;0.107;0.115;0.128;0.150;0.186;0.234;0.330;0.500;0.572;0.692;0.808;0.872;0.232;0.193;0.170;0.156;0.148;0.146;0.147;0.154;0.166;0.195;0.251;0.368;0.765;1.000;0.734;0.352;0.226;0.171;0.140;0.122;0.112;0.105;0.103;0
1.051;0.000;0.000;0.500;0.000;0.776;00.0;00.0;43.573;-66.317;0.104;0.109;0.117;0.131;0.154;0.189;0.240;0.343;0.500;0.574;0.699;0.806;0.872;0.227;0.191;0.168;0.155;0.148;0.146;0.148;0.155;0.168;0.197;0.256;0.382;0.854;1.000;0.673;0.337;0.221;0.169;0.140;0.122;0.112;0.106;0.104;0
1.056;0.000;0.000;0.500;0.000;0.775;00.0;00.0;43.573;-66.317;0.104;0.109;0.117;0.131;0.154;0.189;0.240;0.343;0.500;0.574;0.699;0.806;0.872;0.227;0.191;0.168;0.155;0.148;0.146;0.148;0.155;0.168;0.197;0.256;0.382;0.854;1.000;0.673;0.337;0.221;0.169;0.140;0.122;0.112;0.106;0.104;0
1.060;0.000;0.000;0.500;0.000;0.775;00.0;00.0;43.573;-66.317;0.104;0.109;0.117;0.131;0.154;0.189;0.240;0.343;0.500;0.574;0.699;0.806;0.872;0.227;0.191;0.168;0.155;0.148;0.146;0.148;0.155;0.168;0.197;0.256;0.382;0.854;1.000;0.673;0.337;0.221;0.169;0.140;0.122;0.112;0.106;0.104;0
1.065;0.000;0.000;0.500;0.000;0.775;00.0;00.0;43.573;-66.317;0.104;0.109;0.117;0.131;0.154;0.189;0.240;0.343;0.500;0.574;0.699;0.806;0.872;0.227;0.191;0.168;0.155;0.148;0.146;0.148;0.155;0.168;0.197;0.256;0.382;0.854;1.000;0.673;0.337;0.221;0.169;0.140;0.122;0.112;0.106;0.104;0
1.071;0.000;0.000;0.500;0.000;0.775;00.0;00.0;43.873;-66.258;0.106;0.110;0.119;0.134;0.158;0.192;0.246;0.356;0.499;0.576;0.705;0.803;0.872;0.223;0.188;0.167;0.154;0.148;0.146;0.148;0.156;0.169;0.198;0.260;0.394;0.950;1.000;0.630;0.326;0.218;0.167;0.139;0.122;0.112;0.106;0.104;0
1.076;0.000;0.000;0.500;0.000;0.775;00.0;00.0;43.873;-66.258;0.106;0.110;0.119;0.134;0.158;0.192;0.246;0.356;0.499;0.576;0.705;0.803;0.872;0.223;0.188;0.167;0.154;0.148;0.146;0.148;0.156;0.169;0.198;0.260;0.394;0.950;1.000;0.630;0.326;0.218;0.167;0.139;0.122;0.112;0.106;0.104;0
1.080;0.000;0.000;0.500;0.000;0.775;00.0;00.0;43.873;-66.258;0.106;0.110;0.119;0.134;0.158;0.192;0.246;0.356;0.499;0.576;0.705;0.803;0.872;0.223;0.188;0.167;0.154;0.148;0.146;0.148;0.156;0.169;0.198;0.260;0.394;0.950;1.000;0.630;0.326;0.218;0.167;0.139;0.122;0.112;0.106;0.104;0
1.085;0.000;0.000;0.500;0.000;0.775;00.0;00.0;43.873;-66.258;0.106;0.110;0.119;0.134;0.158;0.192;0.246;0.356;0.499;0.576;0.705;0.803;0.872;0.223;0.188;0.167;0.154;0.148;0.146;0.148;0.156;0.169;0.198;0.260;0.394;0.950;1.000;0.630;0.326;0.218;0.167;0.139;0.122;0.112;0.106;0.104;0
1.090;0.000;0.000;0.500;0.000;0.775;00.0;00.0;43.873;-66.258;0.106;0.110;0.119;0.134;0.158;0.192;0.246;0.356;0.499;0.576;0.705;0.803;0.872;0.223;0.188;0.167;0.154;0.148;0.146;0.148;0.156;0.169;0.198;0.260;0.394;0.950;1.000;0.630;0.326;0.218;0.167;0.139;0.122;0.112;0.106;0.104;0
1.095;0.000;0.000;0.500;0.000;0.775;00.0;00.0;44.171;-66.197;0.107;0.112;0.121;0.136;0.162;0.195;0.251;0.368;0.498;0.576;0.709;0.800;0.871;0.220;0.186;0.166;0.154;0.147;0.146;0.148;0.156;0.170;0.199;0.263;0.405;1.000;1.000;0.599;0.318;0.215;0.166;0.139;0.122;0.113;0.107;0.105;0
1.100;0.000;0.000;0.500;0.000;0.774;00.0;00.0;44.171;-66.197;0.107;0.112;0.121;0.136;0.162;0.195;0.251;0.368;0.498;0.576;0.709;0.800;0.871;0.220;0.186;0.166;0.154;0.147;0.146;0.148;0.156;0.170;0.199;0.263;0.405;1.000;1.000;0.599;0.318;0.215;0.166;0.139;0.122;0.113;0.107;0.105;0
1.105;0.000;0.000;0.500;0.000;0.774;00.0;00.0;44.171;-66.197;0.107;0.112;0.121;0.136;0.162;0.195;0.251;0.368;0.498;0.576;0.709;0.800;0.871;0.220;0.186;0.166;0.154;0.147;0.146;0.148;0.156;0.170;0.199;0.263;0.405;1.000;1.000;0.599;0.318;0.215;0.166;0.139;0.122;0.113;0.107;0.105;0
1.110;0.000;0.000;0.500;0.000;0.774;00.0;00.0;44.171;-66.197;0.107;0.112;0.121;0.136;0.162;0.195;0.251;0.368;0.498;0.576;0.709;0.800;0.871;0.220;0.186;0.166;0.154;0.147;0.146;0.148;0.156;0.170;0.199;0.263;0.405;1.000;1.000;0.599;0.318;0.215;0.166;0.139;0.122;0.113;0.107;0.105;0
1.115;0.000;0.000;0.500;0.000;0.774;00.0;00.0;44.469;-66.134;0.108;0.113;0.123;0.139;0.163;0.197;0.255;0.379;0.496;0.576;0.712;0.797;0.869;0.217;0.185;0.165;0.153;0.147;0.145;0.149;0.157;0.171;0.200;0.265;0.414;1.000;1.000;0.576;0.311;0.213;0.166;0.139;0.123;0.113;0.108;0.106;0
1.120;0.000;0.000;0.500;0.000;0.774;00.0;00.0;44.469;-66.134;0.108;0.113;0.123;0.139;0.163;0.197;0.255;0.379;0.496;0.576;0.712;0.797;0.869;0.217;0.185;0.165;0.153;0.147;0.145;0.149;0.157;0.171;0.200;0.265;0.414;1.000;1.000;0.576;0.311;0.213;0.166;0.139;0.123;0.113;0.108;0.106;0
1.125;0.000;0.000;0.500;0.000;0.774;00.0;00.0;44.469;-66.134;0.108;0.113;0.123;0.139;0.163;0.197;0.255;0.379;0.496;0.576;0.712;0.797;0.869;0.217;0.185;0.165;0.153;0.147;0.145;0.149;0.157;0.171;0.200;0.265;0.414;1.000;1.000;0.576;0.311;0.213;0.166;0.139;0.123;0.113;0.108;0.106;0
1.129;0.000;0.000;0.500;0.000;0.774;00.0;00.0;44.469;-66.134;0.108;0.113;0.123;0.139;0.163;0.197;0.255;0.379;0.496;0.576;0.712;0.797;0.869;0.217;0.185;0.165;0.153;0.147;0.145;0.149;0.157;0.171;0.200;0.265;0.414;1.000;1.000;0.576;0.311;0.213;0.166;0.139;0.123;0.113;0.108;0.106;0
1.134;0.000;0.000;0.500;0.000;0.774;00.0;00.0;44.765;-66.070;0.109;0.115;0.125;0.141;0.166;0.200;0.260;0.389;0.494;0.575;0.713;0.793;0.866;0.215;0.183;0.164;0.152;0.147;0.145;0.149;0.157;0.172;0.200;0.267;0.422;1.000;1.000;0.559;0.307;0.212;0.165;0.139;0.123;0.114;0.109;0.107;0
1.139;0.000;0.000;0.500;0.000;0.773;00.0;00.0;44.765;-66.070;0.109;0.115;0.125;0.141;0.166;0.200;0.260;0.389;0.494;0.575;0.713;0.793;0.866;0.215;0.183;0.164;0.152;0.147;0.145;0.149;0.157;0.172;0.200;0.267;0.422;1.000;1.000;0.559;0.307;0.212;0.165;0.139;0.123;0.114;0.109;0.107;0
1.144;0.000;0.000;0.500;0.000;0.773;00.0;00.0;44.765;-66.070;0.109;0.115;0.125;0.141;0.166;0.200;0.260;0.389;0.494;0.575;0.713;0.793;0.866;0.215;0.183;0.164;0.152;0.147;0.145;0.149;0.157;0.172;0.200;0.267;0.422;1.000;1.000;0.559;0.307;0.212;0.165;0.139;0.123;0.114;0.109;0.107;0
1.149;0.000;0.000;0.500;0.000;0.773;00.0;00.0;44.765;-66.070;0.109;0.115;0.125;0.141;0.166;0.200;0.260;0.389;0.494;0.575;0.713;0.793;0.866;0.215;0.183;0.164;0.152;0.147;0.145;0.149;0.157;0.172;0.200;0.267;0.422;1.000;1.000;0.559;0.307;0.212;0.165;0.139;0.123;0.114;0.109;0.107;0
1.154;0.000;0.000;0.500;0.000;0.773;00.0;00.0;45.060;-66.003;0.111;0.116;0.126;0.144;0.167;0.202;0.263;0.398;0.491;0.573;0.713;0.788;0.863;0.213;0.182;0.163;0.152;0.146;0.145;0.149;0.157;0.173;0.199;0.268;0.428;1.000;1.000;0.547;0.304;0.211;0.166;0.140;0.124;0.115;0.110;0.109;0
1.159;0.000;0.000;0.500;0.000;0.772;00.0;00.0;45.060;-66.003;0.111;0.116;0.126;0.144;0.167;0.202;0.263;0.398;0.491;0.573;0.713;0.788;0.863;0.213;0.182;0.163;0.152;0.146;0.145;0.149;0.157;0.173;0.199;0.268;0.428;1.000;1.000;0.547;0.304;0.211;0.166;0.140;0.124;0.115;0.110;0.109;0
1.163;0.000;0.000;0.500;0.000;0.772;00.0;00.0;45.060;-66.003;0.111;0.116;0.126;0.144;0.167;0.202;0.263;0.398;0.491;0.573;0.713;0.788;0.863;0.213;0.182;0.163;0.152;0.146;0.145;0.149;0.157;0.173;0.199;0.268;0.428;1.000;1.000;0.547;0.304;0.211;0.166;0.140;0.124;0.115;0.110;0.109;0
1.169;0.000;0.000;0.500;0.000;0.772;00.0;00.0;45.060;-66.003;0.111;0.116;0.126;0.144;0.167;0.202;0.263;0.398;0.491;0.573;0.713;0.788;0.863;0.213;0.182;0.163;0.152;0.146;0.145;0.149;0.157;0.173;0.199;0.268;0.428;1.000;1.000;0.547;0.304;0.211;0.166;0.140;0.124;0.115;0.110;0.109;0
1.173;0.000;0.000;0.500;0.000;0.772;00.0;00.0;45.355;-65.936;0.112;0.118;0.128;0.146;0.168;0.203;0.267;0.406;0.488;0.570;0.713;0.784;0.859;0.211;0.181;0.162;0.151;0.146;0.145;0.149;0.158;0.173;0.197;0.268;0.433;1.000;1.000;0.538;0.302;0.211;0.166;0.140;0.125;0.116;0.111;0.110;0
1.178;0.000;0.000;0.500;0.000;0.772;00.0;00.0;45.355;-65.936;0.112;0.118;0.128;0.146;0.168;0.203;0.267;0.406;0.488;0.570;0.713;0.784;0.859;0.211;0.181;0.162;0.151;0.146;0.145;0.149;0.158;0.173;0.197;0.268;0.433;1.000;1.000;0.538;0.302;0.211;0.166;0.140;0.125;0.116;0.111;0.110;0
1.183;0.000;0.000;0.500;0.000;0.772;00.0;00.0;45.355;-65.936;0.112;0.118;0.128;0.146;0.168;0.203;0.267;0.406;0.488;0.570;0.713;0.784;0.859;0.211;0.181;0.162;0.151;0.146;0.145;0.149;0.158;0.173;0.197;0.268;0.433;1.000;1.000;0.538;0.302;0.211;0.166;0.140;0.125;0.116;0.111;0.110;0
1.188;0.000;0.000;0.500;0.000;0.772;00.0;00.0;45.355;-65.936;0.112;0.118;0.128;0.146;0.168;0.203;0.267;0.406;0.488;0.570;0.713;0.784;0.859;0.211;0.181;0.162;0.151;0.146;0.145;0.149;0.158;0.173;0.197;0.268;0.433;1.000;1.000;0.538;0.302;0.211;0.166;0.140;0.125;0.116;0.111;0.110;0
1.193;0.000;0.000;0.500;0.000;0.772;00.0;00.0;45.648;-65.867;0.113;0.119;0.130;0.146;0.169;0.205;0.270;0.414;0.484;0.567;0.711;0.779;0.855;0.210;0.180;0.161;0.151;0.145;0.145;0.149;0.158;0.174;0.200;0.268;0.436;1.000;1.000;0.531;0.301;0.211;0.167;0.141;0.126;0.117;0.112;0.111;0
1.198;0.000;0.000;0.500;0.000;0.771;00.0;00.0;45.648;-65.867;0.113;0.119;0.130;0.146;0.169;0.205;0.270;0.414;0.484;0.567;0.711;0.779;0.855;0.210;0.180;0.161;0.151;0.145;0.145;0.149;0.158;0.174;0.200;0.268;0.436;1.000;1.000;0.531;0.301;0.211;0.167;0.141;0.126;0.117;0.112;0.111;0
1.203;0.000;0.000;0.500;0.000;0.771;00.0;00.0;45.648;-65.867;0.113;0.119;0.130;0.146;0.169;0.205;0.270;0.414;0.484;0.567;0.711;0.779;0.855;0.210;0.180;0.161;0.151;0.145;0.145;0.149;0.158;0.174;0.200;0.268;0.436;1.000;1.000;0.531;0.301;0.211;0.167;0.141;0.126;0.117;0.112;0.111;0
1.208;0.000;0.000;0.500;0.000;0.771;00.0;00.0;45.648;-65.867;0.113;0.119;0.130;0.146;0.169;0.205;0.270;0.414;0.484;0.567;0.711;0.779;0.855;0.210;0.180;0.161;0.151;0.145;0.145;0.149;0.158;0.174;0.200;0.268;0.436;1.000;1.000;0.531;0.301;0.211;0.167;0.141;0.126;0.117;0.112;0.111;0
1.213;0.000;0.000;0.500;0.000;0.771;00.0;00.0;45.940;-65.796;0.114;0.121;0.132;0.149;0.170;0.207;0.273;0.421;0.481;0.564;0.708;0.774;0.850;0.208;0.179;0.161;0.150;0.145;0.145;0.149;0.158;0.174;0.200;0.267;0.438;1.000;1.000;0.526;0.300;0.212;0.168;0.142;0.127;0.118;0.113;0.112;0
1.218;0.000;0.000;0.500;0.000;0.771;00.0;00.0;45.940;-65.796;0.114;0.121;0.132;0.149;0.170;0.207;0.273;0.421;0.481;0.564;0.708;0.774;0.850;0.208;0.179;0.161;0.150;0.145;0.145;0.149;0.158;0.174;0.200;0.267;0.438;1.000;1.000;0.526;0.300;0.212;0.168;0.142;0.127;0.118;0.113;0.112;0
